chr1	248956422	55807338	20483
chr10	133797422	32216243	12452
chr11	135086622	30657564	11132
chr11_KI270721v1_random	100316	11909	2
chr12	133275309	30558016	11060
chr13	114364328	21816839	7827
chr14	107043718	20491436	7604
chr14_GL000009v2_random	201709	105692	31
chr14_GL000225v1_random	211173	603075	354
chr14_KI270722v1_random	194050	45015	31
chr14_GL000194v1_random	191469	128462	45
chr14_KI270723v1_random	38115	23441	10
chr14_KI270724v1_random	39555	27434	11
chr14_KI270725v1_random	172810	45846	13
chr14_KI270726v1_random	43739	1454	9
chr15	101991189	18663766	7070
chr15_KI270727v1_random	448248	21966	11
chr16	90338345	20662690	7785
chr16_KI270728v1_random	1872759	307836	123
chr17	83257441	19170080	7800
chr17_GL000205v2_random	185591	116355	47
chr17_KI270729v1_random	280839	518173	262
chr17_KI270730v1_random	112551	89731	345
chr18	80373285	18481182	6579
chr19	58617616	14043920	5884
chr1_KI270706v1_random	175055	50809	23
chr1_KI270707v1_random	32032	8158	3
chr1_KI270708v1_random	127682	33434	11
chr1_KI270709v1_random	66860	368201	70
chr1_KI270710v1_random	40176	13284	8
chr1_KI270711v1_random	42210	32118	9
chr1_KI270712v1_random	176043	38284	18
chr1_KI270713v1_random	40745	18368	8
chr1_KI270714v1_random	41717	9896	1
chr2	242193529	56137391	23831
chr20	64444167	16511210	6413
chr21	46709983	10617429	4587
chr22	50818468	9697938	3896
chr22_KI270731v1_random	150754	81059	31
chr22_KI270732v1_random	41543	32900	16
chr22_KI270733v1_random	179772	407132	236
chr22_KI270734v1_random	165050	98787	42
chr22_KI270735v1_random	42811	77167	176
chr22_KI270736v1_random	181920	187598	944
chr22_KI270737v1_random	103838	48028	36
chr22_KI270738v1_random	99375	26136	9
chr22_KI270739v1_random	73985	9675	4
chr2_KI270715v1_random	161471	47813	9
chr2_KI270716v1_random	153799	33350	13
chr3	198295559	45365040	16364
chr3_GL000221v1_random	155397	75372	23
chr4	190214555	43855221	15613
chr4_GL000008v2_random	209709	96200	62
chr5	181538259	42100394	14966
chr5_GL000208v1_random	92689	36209	2
chr6	170805979	37891210	13411
chr7	159345973	36257779	13191
chr8	145138636	32973446	12030
chr9	138394717	28659289	10359
chr9_KI270717v1_random	40062	8801	6
chr9_KI270718v1_random	38054	14810	9
chr9_KI270719v1_random	176845	62337	21
chr9_KI270720v1_random	39050	15210	9
chr1_KI270762v1_alt	354444	79067	33
chr1_KI270766v1_alt	256271	32267	6
chr1_KI270760v1_alt	109528	13145	8
chr1_KI270765v1_alt	185285	28720	13
chr1_GL383518v1_alt	182439	19691	5
chr1_GL383519v1_alt	110268	10648	6
chr1_GL383520v2_alt	366580	40987	18
chr1_KI270764v1_alt	50258	6005	2
chr1_KI270763v1_alt	911658	102416	40
chr1_KI270759v1_alt	425601	52427	18
chr1_KI270761v1_alt	165834	15394	8
chr2_KI270770v1_alt	136240	13027	6
chr2_KI270773v1_alt	70887	7949	4
chr2_KI270774v1_alt	223625	26258	15
chr2_KI270769v1_alt	120616	13431	9
chr2_GL383521v1_alt	143390	16419	10
chr2_KI270772v1_alt	133041	78584	30
chr2_KI270775v1_alt	138019	14710	6
chr2_KI270771v1_alt	110395	12258	2
chr2_KI270768v1_alt	110099	11717	13
chr2_GL582966v2_alt	96131	11777	1
chr2_GL383522v1_alt	123821	16867	8
chr2_KI270776v1_alt	174166	21850	23
chr2_KI270767v1_alt	161578	13156	7
chr3_JH636055v2_alt	173151	21570	9
chr3_KI270783v1_alt	109187	13100	3
chr3_KI270780v1_alt	224108	25064	5
chr3_GL383526v1_alt	180671	19955	7
chr3_KI270777v1_alt	173649	20492	10
chr3_KI270778v1_alt	248252	23334	4
chr3_KI270781v1_alt	113034	15344	8
chr3_KI270779v1_alt	205312	10496	3
chr3_KI270782v1_alt	162429	21230	5
chr3_KI270784v1_alt	184404	22869	9
chr4_KI270790v1_alt	220246	22961	8
chr4_GL383528v1_alt	376187	31325	13
chr4_KI270787v1_alt	111943	14708	2
chr4_GL000257v2_alt	586476	63731	21
chr4_KI270788v1_alt	158965	18832	2
chr4_GL383527v1_alt	164536	19712	9
chr4_KI270785v1_alt	119912	12089	3
chr4_KI270789v1_alt	205944	21295	2
chr4_KI270786v1_alt	244096	14546	6
chr5_KI270793v1_alt	126136	15958	12
chr5_KI270792v1_alt	179043	23488	18
chr5_KI270791v1_alt	195710	24684	8
chr5_GL383532v1_alt	82728	5298	1
chr5_GL949742v1_alt	226852	20463	4
chr5_KI270794v1_alt	164558	17377	7
chr5_GL339449v2_alt	1612928	182932	50
chr5_GL383530v1_alt	101241	13635	4
chr5_KI270796v1_alt	172708	17749	13
chr5_GL383531v1_alt	173459	20326	3
chr5_KI270795v1_alt	131892	13084	1
chr6_GL000250v2_alt	4672374	71278	21
chr6_KI270800v1_alt	175808	17506	8
chr6_KI270799v1_alt	152148	12649	3
chr6_GL383533v1_alt	124736	18273	6
chr6_KI270801v1_alt	870480	97443	28
chr6_KI270802v1_alt	75005	8077	4
chr6_KB021644v2_alt	185823	19216	5
chr6_KI270797v1_alt	197536	22515	6
chr6_KI270798v1_alt	271782	33350	8
chr7_KI270804v1_alt	157952	13512	7
chr7_KI270809v1_alt	209586	23555	6
chr7_KI270806v1_alt	158166	17391	6
chr7_GL383534v2_alt	119183	12849	7
chr7_KI270803v1_alt	1111570	122551	34
chr7_KI270808v1_alt	271455	33520	8
chr7_KI270807v1_alt	126434	15220	7
chr7_KI270805v1_alt	209988	28337	20
chr8_KI270818v1_alt	145606	17456	11
chr8_KI270812v1_alt	282736	33382	13
chr8_KI270811v1_alt	292436	28033	14
chr8_KI270821v1_alt	985506	106348	38
chr8_KI270813v1_alt	300230	61486	18
chr8_KI270822v1_alt	624492	62947	19
chr8_KI270814v1_alt	141812	22188	2
chr8_KI270810v1_alt	374415	41475	10
chr8_KI270819v1_alt	133535	17802	7
chr8_KI270820v1_alt	36640	4682	1
chr8_KI270817v1_alt	158983	17327	8
chr8_KI270816v1_alt	305841	38458	7
chr8_KI270815v1_alt	132244	16922	9
chr9_GL383539v1_alt	162988	16190	6
chr9_GL383540v1_alt	71551	8130	1
chr9_GL383541v1_alt	171286	24044	9
chr9_GL383542v1_alt	60032	7150	2
chr9_KI270823v1_alt	439082	51292	26
chr10_GL383545v1_alt	179254	26039	11
chr10_KI270824v1_alt	181496	31384	17
chr10_GL383546v1_alt	309802	31538	8
chr10_KI270825v1_alt	188315	20957	4
chr11_KI270832v1_alt	210133	28023	10
chr11_KI270830v1_alt	177092	14867	5
chr11_KI270831v1_alt	296895	30717	15
chr11_KI270829v1_alt	204059	20394	10
chr11_GL383547v1_alt	154407	16031	26
chr11_JH159136v1_alt	200998	21310	2
chr11_JH159137v1_alt	191409	24163	8
chr11_KI270827v1_alt	67707	9373	9
chr11_KI270826v1_alt	186169	20702	7
chr12_GL877875v1_alt	167313	24372	9
chr12_GL877876v1_alt	408271	34988	21
chr12_KI270837v1_alt	40090	3001	1
chr12_GL383549v1_alt	120804	13354	4
chr12_KI270835v1_alt	238139	28334	10
chr12_GL383550v2_alt	169178	23122	6
chr12_GL383552v1_alt	138655	13475	8
chr12_GL383553v2_alt	152874	16950	10
chr12_KI270834v1_alt	119498	14640	13
chr12_GL383551v1_alt	184319	21015	8
chr12_KI270833v1_alt	76061	9203	2
chr12_KI270836v1_alt	56134	4960	5
chr13_KI270840v1_alt	191684	19523	13
chr13_KI270839v1_alt	180306	22141	9
chr13_KI270843v1_alt	103832	10407	7
chr13_KI270841v1_alt	169134	17297	3
chr13_KI270838v1_alt	306913	34646	8
chr13_KI270842v1_alt	37287	3008	1
chr14_KI270844v1_alt	322166	37608	13
chr14_KI270847v1_alt	1511111	179048	70
chr14_KI270845v1_alt	180703	20470	2
chr14_KI270846v1_alt	1351393	161842	85
chr15_KI270852v1_alt	478999	25771	26
chr15_KI270851v1_alt	263054	22812	4
chr15_KI270848v1_alt	327382	29681	16
chr15_GL383554v1_alt	296527	27098	6
chr15_KI270849v1_alt	244917	27359	10
chr15_GL383555v2_alt	388773	49815	32
chr15_KI270850v1_alt	430880	61875	34
chr16_KI270854v1_alt	134193	15090	6
chr16_KI270856v1_alt	63982	9051	2
chr16_KI270855v1_alt	232857	28483	11
chr16_KI270853v1_alt	2659700	333924	140
chr16_GL383556v1_alt	192462	20804	13
chr16_GL383557v1_alt	89672	10409	3
chr17_GL383563v3_alt	375691	34716	12
chr17_KI270862v1_alt	391357	43341	22
chr17_KI270861v1_alt	196688	23518	11
chr17_KI270857v1_alt	2877074	343530	116
chr17_JH159146v1_alt	278131	33029	11
chr17_JH159147v1_alt	70345	7052	5
chr17_GL383564v2_alt	133151	15877	4
chr17_GL000258v2_alt	1821992	191995	57
chr17_GL383565v1_alt	223995	26352	11
chr17_KI270858v1_alt	235827	24988	7
chr17_KI270859v1_alt	108763	14604	10
chr17_GL383566v1_alt	90219	10141	2
chr17_KI270860v1_alt	178921	18912	5
chr18_KI270864v1_alt	111737	12770	2
chr18_GL383567v1_alt	289831	32781	10
chr18_GL383570v1_alt	164789	19070	3
chr18_GL383571v1_alt	198278	17495	5
chr18_GL383568v1_alt	104552	14041	1
chr18_GL383569v1_alt	167950	12409	9
chr18_GL383572v1_alt	159547	11779	4
chr18_KI270863v1_alt	167999	20835	11
chr19_KI270868v1_alt	61734	6092	7
chr19_KI270865v1_alt	52969	6848	2
chr19_GL383573v1_alt	385657	36502	14
chr19_GL383575v2_alt	170222	17013	12
chr19_GL383576v1_alt	188024	23050	3
chr19_GL383574v1_alt	155864	19466	8
chr19_KI270866v1_alt	43156	9215	4
chr19_KI270867v1_alt	233762	27894	3
chr19_GL949746v1_alt	987716	29294	6
chr20_GL383577v2_alt	128386	15167	10
chr20_KI270869v1_alt	118774	15878	17
chr20_KI270871v1_alt	58661	8149	1
chr20_KI270870v1_alt	183433	23858	6
chr21_GL383578v2_alt	63917	8251	4
chr21_KI270874v1_alt	166743	20418	8
chr21_KI270873v1_alt	143900	17735	4
chr21_GL383579v2_alt	201197	21079	5
chr21_GL383580v2_alt	74653	9479	3
chr21_GL383581v2_alt	116689	14207	3
chr21_KI270872v1_alt	82692	10592	8
chr22_KI270875v1_alt	259914	31398	11
chr22_KI270878v1_alt	186262	27133	7
chr22_KI270879v1_alt	304135	34356	10
chr22_KI270876v1_alt	263666	31587	18
chr22_KI270877v1_alt	101331	13202	6
chr22_GL383583v2_alt	96924	11664	1
chr22_GL383582v2_alt	162811	14754	6
chrX_KI270880v1_alt	284869	14981	19
chrX_KI270881v1_alt	144206	6410	3
chr19_KI270882v1_alt	248807	1702	0
chr19_KI270883v1_alt	170399	2350	1
chr19_KI270884v1_alt	157053	698	0
chr19_KI270885v1_alt	171027	1183	0
chr19_KI270886v1_alt	204239	665	0
chr19_KI270887v1_alt	209512	2674	0
chr19_KI270888v1_alt	155532	739	0
chr19_KI270889v1_alt	170698	1374	2
chr19_KI270890v1_alt	184499	1837	0
chr19_KI270891v1_alt	170680	1224	0
chr1_KI270892v1_alt	162212	15135	10
chr2_KI270894v1_alt	214158	89764	31
chr2_KI270893v1_alt	161218	12823	5
chr3_KI270895v1_alt	162896	8393	2
chr4_KI270896v1_alt	378547	36298	11
chr5_KI270897v1_alt	1144418	120706	42
chr5_KI270898v1_alt	130957	9440	5
chr6_GL000251v2_alt	4795265	180295	67
chr7_KI270899v1_alt	190869	19857	5
chr8_KI270901v1_alt	136959	17246	3
chr8_KI270900v1_alt	318687	30067	16
chr11_KI270902v1_alt	106711	10248	3
chr11_KI270903v1_alt	214625	20573	14
chr12_KI270904v1_alt	572349	45956	31
chr15_KI270906v1_alt	196384	17819	9
chr15_KI270905v1_alt	5161414	535990	197
chr17_KI270907v1_alt	137721	13082	3
chr17_KI270910v1_alt	157099	12021	10
chr17_KI270909v1_alt	325800	26233	5
chr17_JH159148v1_alt	88070	7414	3
chr17_KI270908v1_alt	1423190	125882	39
chr18_KI270912v1_alt	174061	13170	7
chr18_KI270911v1_alt	157710	14677	11
chr19_GL949747v2_alt	729520	17586	9
chr22_KB663609v1_alt	74013	4058	2
chrX_KI270913v1_alt	274009	18398	36
chr19_KI270914v1_alt	205194	1974	1
chr19_KI270915v1_alt	170665	1329	0
chr19_KI270916v1_alt	184516	1383	0
chr19_KI270917v1_alt	190932	1610	0
chr19_KI270918v1_alt	123111	1103	0
chr19_KI270919v1_alt	170701	1422	0
chr19_KI270920v1_alt	198005	1356	1
chr19_KI270921v1_alt	282224	2173	0
chr19_KI270922v1_alt	187935	1585	0
chr19_KI270923v1_alt	189352	1211	0
chr3_KI270924v1_alt	166540	8825	4
chr4_KI270925v1_alt	555799	52550	21
chr6_GL000252v2_alt	4604811	137831	55
chr8_KI270926v1_alt	229282	20418	10
chr11_KI270927v1_alt	218612	23637	14
chr19_GL949748v2_alt	1064304	7962	3
chr22_KI270928v1_alt	176103	10903	5
chr19_KI270929v1_alt	186203	1290	1
chr19_KI270930v1_alt	200773	1183	1
chr19_KI270931v1_alt	170148	1349	1
chr19_KI270932v1_alt	215732	2079	1
chr19_KI270933v1_alt	170537	1244	2
chr19_GL000209v2_alt	177381	1701	1
chr3_KI270934v1_alt	163458	7615	2
chr6_GL000253v2_alt	4677643	172415	68
chr19_GL949749v2_alt	1091841	8329	3
chr3_KI270935v1_alt	197351	8921	6
chr6_GL000254v2_alt	4827813	130296	61
chr19_GL949750v2_alt	1066390	8249	5
chr3_KI270936v1_alt	164170	7080	3
chr6_GL000255v2_alt	4606388	148454	70
chr19_GL949751v2_alt	1002683	8723	3
chr3_KI270937v1_alt	165607	7395	4
chr6_GL000256v2_alt	4929269	148602	65
chr19_GL949752v1_alt	987100	44196	15
chr6_KI270758v1_alt	76752	953	0
chr19_GL949753v2_alt	796479	17149	4
chr19_KI270938v1_alt	1066800	36464	19
chrM	16569	1440382	493
chrUn_KI270302v1	2274	445	0
chrUn_KI270304v1	2165	238	0
chrUn_KI270303v1	1942	1222	0
chrUn_KI270305v1	1472	914	1
chrUn_KI270322v1	21476	4425	0
chrUn_KI270320v1	4416	7983	1
chrUn_KI270310v1	1201	2556	0
chrUn_KI270316v1	1444	96	0
chrUn_KI270315v1	2276	804	1
chrUn_KI270312v1	998	250	1
chrUn_KI270311v1	12399	1405	1
chrUn_KI270317v1	37690	409	0
chrUn_KI270412v1	1179	526	0
chrUn_KI270411v1	2646	896	0
chrUn_KI270414v1	2489	323	0
chrUn_KI270419v1	1029	593	0
chrUn_KI270418v1	2145	1287	0
chrUn_KI270420v1	2321	1440	0
chrUn_KI270424v1	2140	314	0
chrUn_KI270417v1	2043	564	1
chrUn_KI270422v1	1445	857	0
chrUn_KI270423v1	981	411	0
chrUn_KI270425v1	1884	198	0
chrUn_KI270429v1	1361	286	0
chrUn_KI270442v1	392061	346056	435
chrUn_KI270466v1	1233	6205	5
chrUn_KI270465v1	1774	1816	0
chrUn_KI270467v1	3920	21663	16
chrUn_KI270435v1	92983	52500	59
chrUn_KI270438v1	112505	1494921	462
chrUn_KI270468v1	4055	1807	0
chrUn_KI270510v1	2415	2364	0
chrUn_KI270509v1	2318	2416	2
chrUn_KI270518v1	2186	2523	0
chrUn_KI270508v1	1951	2710	1
chrUn_KI270516v1	1300	1511	0
chrUn_KI270512v1	22689	12648	21
chrUn_KI270519v1	138126	82376	42
chrUn_KI270522v1	5674	1270	0
chrUn_KI270511v1	8127	3579	1
chrUn_KI270515v1	6361	6726	2
chrUn_KI270507v1	5353	4995	1
chrUn_KI270517v1	3253	3796	4
chrUn_KI270529v1	1899	571	0
chrUn_KI270528v1	2983	407	0
chrUn_KI270530v1	2168	205	0
chrUn_KI270539v1	993	96	0
chrUn_KI270538v1	91309	54054	11
chrUn_KI270544v1	1202	2238	0
chrUn_KI270548v1	1599	94	0
chrUn_KI270583v1	1400	1083	0
chrUn_KI270587v1	2969	2465	0
chrUn_KI270580v1	1553	1463	1
chrUn_KI270581v1	7046	2032	1
chrUn_KI270579v1	31033	7165	2
chrUn_KI270589v1	44474	26360	51
chrUn_KI270590v1	4685	7398	4
chrUn_KI270584v1	4513	3999	2
chrUn_KI270582v1	6504	2267	3
chrUn_KI270588v1	6158	4497	2
chrUn_KI270593v1	3041	2058	0
chrUn_KI270591v1	5796	8174	14
chrUn_KI270330v1	1652	4726	3
chrUn_KI270329v1	1040	640	0
chrUn_KI270334v1	1368	728	0
chrUn_KI270333v1	2699	6263	6
chrUn_KI270335v1	1048	265	0
chrUn_KI270338v1	1428	210	0
chrUn_KI270340v1	1428	1748	0
chrUn_KI270336v1	1026	1651	1
chrUn_KI270337v1	1121	8025	3
chrUn_KI270363v1	1803	314	2
chrUn_KI270364v1	2855	538	0
chrUn_KI270362v1	3530	826	0
chrUn_KI270366v1	8320	1987	1
chrUn_KI270378v1	1048	138	0
chrUn_KI270379v1	1045	76	0
chrUn_KI270389v1	1298	405	0
chrUn_KI270390v1	2387	65	0
chrUn_KI270387v1	1537	445	0
chrUn_KI270395v1	1143	915	0
chrUn_KI270396v1	1880	190	1
chrUn_KI270388v1	1216	299	0
chrUn_KI270394v1	970	277	0
chrUn_KI270386v1	1788	157	0
chrUn_KI270391v1	1484	71	0
chrUn_KI270383v1	1750	203	0
chrUn_KI270393v1	1308	49	0
chrUn_KI270384v1	1658	267	0
chrUn_KI270392v1	971	227	0
chrUn_KI270381v1	1930	456	0
chrUn_KI270385v1	990	133	0
chrUn_KI270382v1	4215	379	0
chrUn_KI270376v1	1136	83	1
chrUn_KI270374v1	2656	171	0
chrUn_KI270372v1	1650	187	0
chrUn_KI270373v1	1451	101	0
chrUn_KI270375v1	2378	273	0
chrUn_KI270371v1	2805	219	0
chrUn_KI270448v1	7992	3525	0
chrUn_KI270521v1	7642	2073	0
chrUn_GL000195v1	182896	75045	15
chrUn_GL000219v1	179198	83280	55
chrUn_GL000220v1	161802	477775	214
chrUn_GL000224v1	179693	191538	53
chrUn_KI270741v1	157432	29463	7
chrUn_GL000226v1	15008	230109	14
chrUn_GL000213v1	164239	10202	2
chrUn_KI270743v1	210658	84251	30
chrUn_KI270744v1	168472	165424	47
chrUn_KI270745v1	41891	12344	2
chrUn_KI270746v1	66486	39958	16
chrUn_KI270747v1	198735	31966	9
chrUn_KI270748v1	93321	17905	11
chrUn_KI270749v1	158759	48500	20
chrUn_KI270750v1	148850	59056	12
chrUn_KI270751v1	150742	106819	72
chrUn_KI270752v1	27745	58	16
chrUn_KI270753v1	62944	23126	7
chrUn_KI270754v1	40191	41955	12
chrUn_KI270755v1	36723	1833	1
chrUn_KI270756v1	79590	36706	67
chrUn_KI270757v1	71251	58786	34
chrUn_GL000214v1	137718	119127	48
chrUn_KI270742v1	186739	113647	37
chrUn_GL000216v2	176608	475780	334
chrUn_GL000218v1	161147	52511	20
chrX	156040895	17495410	6884
chrY	57227415	5883671	4086
chrY_KI270740v1_random	37240	4418	3
*	0	0	807992
