chr1	248956422	54687449	22126
chr10	133797422	31516978	13396
chr11	135086622	30061639	12420
chr11_KI270721v1_random	100316	12025	8
chr12	133275309	30026561	12235
chr13	114364328	21591942	8877
chr14	107043718	20100358	8223
chr14_GL000009v2_random	201709	102022	54
chr14_GL000225v1_random	211173	599799	392
chr14_KI270722v1_random	194050	43538	21
chr14_GL000194v1_random	191469	126757	50
chr14_KI270723v1_random	38115	22910	16
chr14_KI270724v1_random	39555	26349	14
chr14_KI270725v1_random	172810	45343	20
chr14_KI270726v1_random	43739	1509	16
chr15	101991189	18284100	7569
chr15_KI270727v1_random	448248	21750	12
chr16	90338345	20112066	8293
chr16_KI270728v1_random	1872759	301203	127
chr17	83257441	18765059	8294
chr17_GL000205v2_random	185591	119152	50
chr17_KI270729v1_random	280839	489955	248
chr17_KI270730v1_random	112551	83392	306
chr18	80373285	18185487	7294
chr19	58617616	13706117	6203
chr1_KI270706v1_random	175055	49091	26
chr1_KI270707v1_random	32032	8282	4
chr1_KI270708v1_random	127682	31862	16
chr1_KI270709v1_random	66860	340298	84
chr1_KI270710v1_random	40176	13328	9
chr1_KI270711v1_random	42210	31231	16
chr1_KI270712v1_random	176043	38566	34
chr1_KI270713v1_random	40745	18523	9
chr1_KI270714v1_random	41717	9666	5
chr2	242193529	55316055	25933
chr20	64444167	16143051	7067
chr21	46709983	10421837	5069
chr22	50818468	9515632	4305
chr22_KI270731v1_random	150754	80200	59
chr22_KI270732v1_random	41543	32654	15
chr22_KI270733v1_random	179772	397578	265
chr22_KI270734v1_random	165050	101639	53
chr22_KI270735v1_random	42811	74404	125
chr22_KI270736v1_random	181920	171989	783
chr22_KI270737v1_random	103838	45791	42
chr22_KI270738v1_random	99375	26041	13
chr22_KI270739v1_random	73985	8705	4
chr2_KI270715v1_random	161471	46097	10
chr2_KI270716v1_random	153799	32293	9
chr3	198295559	44706425	17732
chr3_GL000221v1_random	155397	75644	36
chr4	190214555	43345101	17118
chr4_GL000008v2_random	209709	92563	60
chr5	181538259	41280424	16483
chr5_GL000208v1_random	92689	34001	13
chr6	170805979	37324809	14833
chr7	159345973	35627198	14334
chr8	145138636	32359092	13205
chr9	138394717	28129737	11568
chr9_KI270717v1_random	40062	8763	6
chr9_KI270718v1_random	38054	14944	13
chr9_KI270719v1_random	176845	62799	20
chr9_KI270720v1_random	39050	14948	9
chr1_KI270762v1_alt	354444	78529	42
chr1_KI270766v1_alt	256271	31401	9
chr1_KI270760v1_alt	109528	12623	4
chr1_KI270765v1_alt	185285	29247	11
chr1_GL383518v1_alt	182439	19607	11
chr1_GL383519v1_alt	110268	10745	4
chr1_GL383520v2_alt	366580	40782	17
chr1_KI270764v1_alt	50258	5923	2
chr1_KI270763v1_alt	911658	100705	39
chr1_KI270759v1_alt	425601	51200	22
chr1_KI270761v1_alt	165834	16008	14
chr2_KI270770v1_alt	136240	13274	13
chr2_KI270773v1_alt	70887	8162	2
chr2_KI270774v1_alt	223625	26551	15
chr2_KI270769v1_alt	120616	12977	5
chr2_GL383521v1_alt	143390	16215	10
chr2_KI270772v1_alt	133041	76590	34
chr2_KI270775v1_alt	138019	14302	10
chr2_KI270771v1_alt	110395	11825	5
chr2_KI270768v1_alt	110099	12005	3
chr2_GL582966v2_alt	96131	11204	4
chr2_GL383522v1_alt	123821	16126	3
chr2_KI270776v1_alt	174166	21694	29
chr2_KI270767v1_alt	161578	13128	10
chr3_JH636055v2_alt	173151	20853	11
chr3_KI270783v1_alt	109187	12964	5
chr3_KI270780v1_alt	224108	24685	12
chr3_GL383526v1_alt	180671	19014	6
chr3_KI270777v1_alt	173649	19768	5
chr3_KI270778v1_alt	248252	22963	9
chr3_KI270781v1_alt	113034	15107	5
chr3_KI270779v1_alt	205312	10362	5
chr3_KI270782v1_alt	162429	20974	8
chr3_KI270784v1_alt	184404	23382	14
chr4_KI270790v1_alt	220246	22184	9
chr4_GL383528v1_alt	376187	32368	11
chr4_KI270787v1_alt	111943	14535	5
chr4_GL000257v2_alt	586476	63787	29
chr4_KI270788v1_alt	158965	18960	9
chr4_GL383527v1_alt	164536	19048	3
chr4_KI270785v1_alt	119912	12280	3
chr4_KI270789v1_alt	205944	21215	6
chr4_KI270786v1_alt	244096	15000	5
chr5_KI270793v1_alt	126136	16242	7
chr5_KI270792v1_alt	179043	23906	21
chr5_KI270791v1_alt	195710	25120	9
chr5_GL383532v1_alt	82728	5624	6
chr5_GL949742v1_alt	226852	20676	4
chr5_KI270794v1_alt	164558	16359	3
chr5_GL339449v2_alt	1612928	181531	73
chr5_GL383530v1_alt	101241	13327	4
chr5_KI270796v1_alt	172708	17780	7
chr5_GL383531v1_alt	173459	19469	4
chr5_KI270795v1_alt	131892	12633	5
chr6_GL000250v2_alt	4672374	69969	37
chr6_KI270800v1_alt	175808	18349	3
chr6_KI270799v1_alt	152148	12755	3
chr6_GL383533v1_alt	124736	17607	6
chr6_KI270801v1_alt	870480	95437	38
chr6_KI270802v1_alt	75005	7981	2
chr6_KB021644v2_alt	185823	19156	9
chr6_KI270797v1_alt	197536	22165	18
chr6_KI270798v1_alt	271782	33833	22
chr7_KI270804v1_alt	157952	14084	4
chr7_KI270809v1_alt	209586	24083	7
chr7_KI270806v1_alt	158166	17267	7
chr7_GL383534v2_alt	119183	12235	8
chr7_KI270803v1_alt	1111570	120987	56
chr7_KI270808v1_alt	271455	32266	14
chr7_KI270807v1_alt	126434	14397	4
chr7_KI270805v1_alt	209988	28435	18
chr8_KI270818v1_alt	145606	17798	12
chr8_KI270812v1_alt	282736	33397	11
chr8_KI270811v1_alt	292436	27808	21
chr8_KI270821v1_alt	985506	106560	56
chr8_KI270813v1_alt	300230	60493	30
chr8_KI270822v1_alt	624492	63346	37
chr8_KI270814v1_alt	141812	21359	4
chr8_KI270810v1_alt	374415	40476	23
chr8_KI270819v1_alt	133535	17838	4
chr8_KI270820v1_alt	36640	4603	3
chr8_KI270817v1_alt	158983	17019	8
chr8_KI270816v1_alt	305841	38465	31
chr8_KI270815v1_alt	132244	16910	4
chr9_GL383539v1_alt	162988	16066	4
chr9_GL383540v1_alt	71551	7506	2
chr9_GL383541v1_alt	171286	23253	8
chr9_GL383542v1_alt	60032	6965	5
chr9_KI270823v1_alt	439082	50126	27
chr10_GL383545v1_alt	179254	25693	10
chr10_KI270824v1_alt	181496	30908	17
chr10_GL383546v1_alt	309802	30812	15
chr10_KI270825v1_alt	188315	20522	9
chr11_KI270832v1_alt	210133	27792	17
chr11_KI270830v1_alt	177092	14500	13
chr11_KI270831v1_alt	296895	30027	10
chr11_KI270829v1_alt	204059	19841	9
chr11_GL383547v1_alt	154407	16227	19
chr11_JH159136v1_alt	200998	21291	10
chr11_JH159137v1_alt	191409	24211	11
chr11_KI270827v1_alt	67707	9429	6
chr11_KI270826v1_alt	186169	21428	9
chr12_GL877875v1_alt	167313	24895	13
chr12_GL877876v1_alt	408271	35555	12
chr12_KI270837v1_alt	40090	2886	0
chr12_GL383549v1_alt	120804	12579	3
chr12_KI270835v1_alt	238139	28140	9
chr12_GL383550v2_alt	169178	21860	9
chr12_GL383552v1_alt	138655	13366	3
chr12_GL383553v2_alt	152874	16295	4
chr12_KI270834v1_alt	119498	14277	12
chr12_GL383551v1_alt	184319	20199	6
chr12_KI270833v1_alt	76061	8843	5
chr12_KI270836v1_alt	56134	4974	4
chr13_KI270840v1_alt	191684	19453	6
chr13_KI270839v1_alt	180306	21633	10
chr13_KI270843v1_alt	103832	10893	5
chr13_KI270841v1_alt	169134	17457	4
chr13_KI270838v1_alt	306913	34248	12
chr13_KI270842v1_alt	37287	3126	3
chr14_KI270844v1_alt	322166	37618	19
chr14_KI270847v1_alt	1511111	178108	78
chr14_KI270845v1_alt	180703	20486	14
chr14_KI270846v1_alt	1351393	164365	95
chr15_KI270852v1_alt	478999	25944	14
chr15_KI270851v1_alt	263054	22558	8
chr15_KI270848v1_alt	327382	28832	11
chr15_GL383554v1_alt	296527	27355	6
chr15_KI270849v1_alt	244917	26214	9
chr15_GL383555v2_alt	388773	49661	36
chr15_KI270850v1_alt	430880	60420	32
chr16_KI270854v1_alt	134193	15324	6
chr16_KI270856v1_alt	63982	8923	2
chr16_KI270855v1_alt	232857	28829	7
chr16_KI270853v1_alt	2659700	325371	183
chr16_GL383556v1_alt	192462	21066	12
chr16_GL383557v1_alt	89672	10394	2
chr17_GL383563v3_alt	375691	34696	20
chr17_KI270862v1_alt	391357	43387	17
chr17_KI270861v1_alt	196688	22608	10
chr17_KI270857v1_alt	2877074	335468	144
chr17_JH159146v1_alt	278131	32954	12
chr17_JH159147v1_alt	70345	6856	3
chr17_GL383564v2_alt	133151	15154	3
chr17_GL000258v2_alt	1821992	186023	66
chr17_GL383565v1_alt	223995	25755	11
chr17_KI270858v1_alt	235827	23628	7
chr17_KI270859v1_alt	108763	14281	12
chr17_GL383566v1_alt	90219	9832	6
chr17_KI270860v1_alt	178921	19003	19
chr18_KI270864v1_alt	111737	13486	6
chr18_GL383567v1_alt	289831	31745	11
chr18_GL383570v1_alt	164789	18799	7
chr18_GL383571v1_alt	198278	17423	7
chr18_GL383568v1_alt	104552	13736	6
chr18_GL383569v1_alt	167950	12508	4
chr18_GL383572v1_alt	159547	11971	10
chr18_KI270863v1_alt	167999	20328	12
chr19_KI270868v1_alt	61734	6169	13
chr19_KI270865v1_alt	52969	6577	3
chr19_GL383573v1_alt	385657	35405	10
chr19_GL383575v2_alt	170222	16545	8
chr19_GL383576v1_alt	188024	22844	15
chr19_GL383574v1_alt	155864	19055	7
chr19_KI270866v1_alt	43156	8592	6
chr19_KI270867v1_alt	233762	26908	14
chr19_GL949746v1_alt	987716	29060	9
chr20_GL383577v2_alt	128386	14596	8
chr20_KI270869v1_alt	118774	15623	14
chr20_KI270871v1_alt	58661	8238	6
chr20_KI270870v1_alt	183433	23929	9
chr21_GL383578v2_alt	63917	8285	3
chr21_KI270874v1_alt	166743	19801	7
chr21_KI270873v1_alt	143900	17029	10
chr21_GL383579v2_alt	201197	21262	15
chr21_GL383580v2_alt	74653	9303	3
chr21_GL383581v2_alt	116689	13849	6
chr21_KI270872v1_alt	82692	10821	8
chr22_KI270875v1_alt	259914	30794	16
chr22_KI270878v1_alt	186262	27840	10
chr22_KI270879v1_alt	304135	34205	10
chr22_KI270876v1_alt	263666	31638	12
chr22_KI270877v1_alt	101331	12859	2
chr22_GL383583v2_alt	96924	11852	6
chr22_GL383582v2_alt	162811	14633	6
chrX_KI270880v1_alt	284869	15422	18
chrX_KI270881v1_alt	144206	5701	3
chr19_KI270882v1_alt	248807	1682	1
chr19_KI270883v1_alt	170399	2169	0
chr19_KI270884v1_alt	157053	730	0
chr19_KI270885v1_alt	171027	1142	0
chr19_KI270886v1_alt	204239	654	0
chr19_KI270887v1_alt	209512	2585	0
chr19_KI270888v1_alt	155532	729	0
chr19_KI270889v1_alt	170698	1345	0
chr19_KI270890v1_alt	184499	1882	1
chr19_KI270891v1_alt	170680	1203	0
chr1_KI270892v1_alt	162212	15593	9
chr2_KI270894v1_alt	214158	87772	36
chr2_KI270893v1_alt	161218	13199	5
chr3_KI270895v1_alt	162896	8263	3
chr4_KI270896v1_alt	378547	37549	14
chr5_KI270897v1_alt	1144418	119407	37
chr5_KI270898v1_alt	130957	9002	3
chr6_GL000251v2_alt	4795265	178449	72
chr7_KI270899v1_alt	190869	20287	10
chr8_KI270901v1_alt	136959	16900	9
chr8_KI270900v1_alt	318687	30275	14
chr11_KI270902v1_alt	106711	10075	7
chr11_KI270903v1_alt	214625	20677	6
chr12_KI270904v1_alt	572349	45366	20
chr15_KI270906v1_alt	196384	17406	11
chr15_KI270905v1_alt	5161414	525664	196
chr17_KI270907v1_alt	137721	12970	3
chr17_KI270910v1_alt	157099	12445	8
chr17_KI270909v1_alt	325800	25614	8
chr17_JH159148v1_alt	88070	7626	5
chr17_KI270908v1_alt	1423190	125147	40
chr18_KI270912v1_alt	174061	12856	6
chr18_KI270911v1_alt	157710	14525	7
chr19_GL949747v2_alt	729520	17009	12
chr22_KB663609v1_alt	74013	3669	2
chrX_KI270913v1_alt	274009	18907	32
chr19_KI270914v1_alt	205194	1960	3
chr19_KI270915v1_alt	170665	1205	1
chr19_KI270916v1_alt	184516	1292	0
chr19_KI270917v1_alt	190932	1663	0
chr19_KI270918v1_alt	123111	1053	1
chr19_KI270919v1_alt	170701	1419	1
chr19_KI270920v1_alt	198005	1223	2
chr19_KI270921v1_alt	282224	2083	1
chr19_KI270922v1_alt	187935	1602	2
chr19_KI270923v1_alt	189352	1224	1
chr3_KI270924v1_alt	166540	8574	6
chr4_KI270925v1_alt	555799	52939	14
chr6_GL000252v2_alt	4604811	136816	59
chr8_KI270926v1_alt	229282	20953	11
chr11_KI270927v1_alt	218612	23519	14
chr19_GL949748v2_alt	1064304	7597	9
chr22_KI270928v1_alt	176103	10600	5
chr19_KI270929v1_alt	186203	1403	0
chr19_KI270930v1_alt	200773	1165	1
chr19_KI270931v1_alt	170148	1336	2
chr19_KI270932v1_alt	215732	2124	0
chr19_KI270933v1_alt	170537	1164	0
chr19_GL000209v2_alt	177381	1654	0
chr3_KI270934v1_alt	163458	7622	4
chr6_GL000253v2_alt	4677643	169567	50
chr19_GL949749v2_alt	1091841	8456	4
chr3_KI270935v1_alt	197351	8762	6
chr6_GL000254v2_alt	4827813	128993	54
chr19_GL949750v2_alt	1066390	8100	7
chr3_KI270936v1_alt	164170	7250	1
chr6_GL000255v2_alt	4606388	147015	61
chr19_GL949751v2_alt	1002683	8478	6
chr3_KI270937v1_alt	165607	7368	2
chr6_GL000256v2_alt	4929269	145533	65
chr19_GL949752v1_alt	987100	43811	13
chr6_KI270758v1_alt	76752	931	0
chr19_GL949753v2_alt	796479	16861	7
chr19_KI270938v1_alt	1066800	36222	17
chrM	16569	1646711	699
chrUn_KI270302v1	2274	525	0
chrUn_KI270304v1	2165	153	0
chrUn_KI270303v1	1942	1158	1
chrUn_KI270305v1	1472	773	0
chrUn_KI270322v1	21476	4021	3
chrUn_KI270320v1	4416	7154	2
chrUn_KI270310v1	1201	2512	0
chrUn_KI270316v1	1444	78	0
chrUn_KI270315v1	2276	754	1
chrUn_KI270312v1	998	193	0
chrUn_KI270311v1	12399	1302	0
chrUn_KI270317v1	37690	453	0
chrUn_KI270412v1	1179	567	0
chrUn_KI270411v1	2646	849	1
chrUn_KI270414v1	2489	293	0
chrUn_KI270419v1	1029	481	0
chrUn_KI270418v1	2145	1268	1
chrUn_KI270420v1	2321	1471	1
chrUn_KI270424v1	2140	296	0
chrUn_KI270417v1	2043	557	0
chrUn_KI270422v1	1445	877	0
chrUn_KI270423v1	981	367	0
chrUn_KI270425v1	1884	193	0
chrUn_KI270429v1	1361	252	1
chrUn_KI270442v1	392061	326518	371
chrUn_KI270466v1	1233	24313	8
chrUn_KI270465v1	1774	1770	0
chrUn_KI270467v1	3920	67968	21
chrUn_KI270435v1	92983	48473	65
chrUn_KI270438v1	112505	1402613	425
chrUn_KI270468v1	4055	1654	0
chrUn_KI270510v1	2415	2278	0
chrUn_KI270509v1	2318	2432	1
chrUn_KI270518v1	2186	2459	2
chrUn_KI270508v1	1951	2500	0
chrUn_KI270516v1	1300	1400	1
chrUn_KI270512v1	22689	12042	11
chrUn_KI270519v1	138126	76693	44
chrUn_KI270522v1	5674	1254	0
chrUn_KI270511v1	8127	3229	3
chrUn_KI270515v1	6361	6756	5
chrUn_KI270507v1	5353	4531	2
chrUn_KI270517v1	3253	3344	0
chrUn_KI270529v1	1899	625	0
chrUn_KI270528v1	2983	357	0
chrUn_KI270530v1	2168	189	0
chrUn_KI270539v1	993	81	0
chrUn_KI270538v1	91309	51534	20
chrUn_KI270544v1	1202	2221	2
chrUn_KI270548v1	1599	79	0
chrUn_KI270583v1	1400	1190	1
chrUn_KI270587v1	2969	2319	0
chrUn_KI270580v1	1553	1523	0
chrUn_KI270581v1	7046	1941	1
chrUn_KI270579v1	31033	6787	3
chrUn_KI270589v1	44474	24979	45
chrUn_KI270590v1	4685	6986	4
chrUn_KI270584v1	4513	3973	1
chrUn_KI270582v1	6504	2141	1
chrUn_KI270588v1	6158	4184	0
chrUn_KI270593v1	3041	1879	1
chrUn_KI270591v1	5796	7705	13
chrUn_KI270330v1	1652	4698	1
chrUn_KI270329v1	1040	637	0
chrUn_KI270334v1	1368	716	0
chrUn_KI270333v1	2699	16253	10
chrUn_KI270335v1	1048	254	0
chrUn_KI270338v1	1428	233	0
chrUn_KI270340v1	1428	1706	1
chrUn_KI270336v1	1026	3700	2
chrUn_KI270337v1	1121	21586	7
chrUn_KI270363v1	1803	328	0
chrUn_KI270364v1	2855	559	0
chrUn_KI270362v1	3530	774	0
chrUn_KI270366v1	8320	2024	2
chrUn_KI270378v1	1048	141	0
chrUn_KI270379v1	1045	53	0
chrUn_KI270389v1	1298	373	0
chrUn_KI270390v1	2387	61	0
chrUn_KI270387v1	1537	508	0
chrUn_KI270395v1	1143	882	0
chrUn_KI270396v1	1880	172	0
chrUn_KI270388v1	1216	363	0
chrUn_KI270394v1	970	252	0
chrUn_KI270386v1	1788	137	0
chrUn_KI270391v1	1484	56	0
chrUn_KI270383v1	1750	159	0
chrUn_KI270393v1	1308	56	0
chrUn_KI270384v1	1658	181	0
chrUn_KI270392v1	971	224	0
chrUn_KI270381v1	1930	404	1
chrUn_KI270385v1	990	141	0
chrUn_KI270382v1	4215	343	0
chrUn_KI270376v1	1136	77	0
chrUn_KI270374v1	2656	151	0
chrUn_KI270372v1	1650	175	0
chrUn_KI270373v1	1451	95	0
chrUn_KI270375v1	2378	277	0
chrUn_KI270371v1	2805	213	0
chrUn_KI270448v1	7992	3587	0
chrUn_KI270521v1	7642	1986	1
chrUn_GL000195v1	182896	76323	32
chrUn_GL000219v1	179198	83158	52
chrUn_GL000220v1	161802	462437	207
chrUn_GL000224v1	179693	186130	53
chrUn_KI270741v1	157432	29379	12
chrUn_GL000226v1	15008	217884	13
chrUn_GL000213v1	164239	9626	3
chrUn_KI270743v1	210658	81229	32
chrUn_KI270744v1	168472	160693	76
chrUn_KI270745v1	41891	12053	5
chrUn_KI270746v1	66486	40567	16
chrUn_KI270747v1	198735	30850	17
chrUn_KI270748v1	93321	18113	8
chrUn_KI270749v1	158759	50044	8
chrUn_KI270750v1	148850	58279	18
chrUn_KI270751v1	150742	107944	69
chrUn_KI270752v1	27745	104	37
chrUn_KI270753v1	62944	22029	7
chrUn_KI270754v1	40191	40074	11
chrUn_KI270755v1	36723	1956	0
chrUn_KI270756v1	79590	34607	70
chrUn_KI270757v1	71251	55178	46
chrUn_GL000214v1	137718	118006	36
chrUn_KI270742v1	186739	114681	32
chrUn_GL000216v2	176608	462743	309
chrUn_GL000218v1	161147	52161	23
chrX	156040895	17071840	7414
chrY	57227415	5641310	4197
chrY_KI270740v1_random	37240	4175	2
*	0	0	893416
