chr1	248956422	61288517	19406
chr10	133797422	35267514	11790
chr11	135086622	33633183	10697
chr11_KI270721v1_random	100316	13486	8
chr12	133275309	33544984	10819
chr13	114364328	24219166	7699
chr14	107043718	22492441	7425
chr14_GL000009v2_random	201709	115714	33
chr14_GL000225v1_random	211173	671508	331
chr14_KI270722v1_random	194050	49149	26
chr14_GL000194v1_random	191469	139131	44
chr14_KI270723v1_random	38115	25745	16
chr14_KI270724v1_random	39555	29813	16
chr14_KI270725v1_random	172810	51181	18
chr14_KI270726v1_random	43739	1709	9
chr15	101991189	20416199	6769
chr15_KI270727v1_random	448248	24504	13
chr16	90338345	22540739	7221
chr16_KI270728v1_random	1872759	340784	105
chr17	83257441	20892089	7482
chr17_GL000205v2_random	185591	132094	43
chr17_KI270729v1_random	280839	564995	284
chr17_KI270730v1_random	112551	96388	329
chr18	80373285	20374621	6508
chr19	58617616	15290239	5769
chr1_KI270706v1_random	175055	56227	16
chr1_KI270707v1_random	32032	9325	5
chr1_KI270708v1_random	127682	35998	7
chr1_KI270709v1_random	66860	406336	102
chr1_KI270710v1_random	40176	15061	4
chr1_KI270711v1_random	42210	35472	8
chr1_KI270712v1_random	176043	42593	22
chr1_KI270713v1_random	40745	20435	9
chr1_KI270714v1_random	41717	10657	8
chr2	242193529	61657694	22681
chr20	64444167	18045792	6389
chr21	46709983	11700038	4576
chr22	50818468	10630698	3808
chr22_KI270731v1_random	150754	87966	62
chr22_KI270732v1_random	41543	36790	18
chr22_KI270733v1_random	179772	451825	230
chr22_KI270734v1_random	165050	107933	43
chr22_KI270735v1_random	42811	86243	148
chr22_KI270736v1_random	181920	199523	894
chr22_KI270737v1_random	103838	52552	49
chr22_KI270738v1_random	99375	30304	14
chr22_KI270739v1_random	73985	10742	4
chr2_KI270715v1_random	161471	54117	7
chr2_KI270716v1_random	153799	37274	6
chr3	198295559	50530859	15813
chr3_GL000221v1_random	155397	84160	16
chr4	190214555	48746877	14942
chr4_GL000008v2_random	209709	104963	88
chr5	181538259	46303855	14564
chr5_GL000208v1_random	92689	39104	8
chr6	170805979	41748290	13232
chr7	159345973	39852041	12595
chr8	145138636	36195964	11369
chr9	138394717	31472355	10066
chr9_KI270717v1_random	40062	9170	6
chr9_KI270718v1_random	38054	16344	21
chr9_KI270719v1_random	176845	70498	16
chr9_KI270720v1_random	39050	16959	3
chr1_KI270762v1_alt	354444	88284	51
chr1_KI270766v1_alt	256271	34732	8
chr1_KI270760v1_alt	109528	14396	9
chr1_KI270765v1_alt	185285	32885	13
chr1_GL383518v1_alt	182439	21833	6
chr1_GL383519v1_alt	110268	11746	4
chr1_GL383520v2_alt	366580	45567	13
chr1_KI270764v1_alt	50258	6698	5
chr1_KI270763v1_alt	911658	112869	42
chr1_KI270759v1_alt	425601	57181	17
chr1_KI270761v1_alt	165834	18207	16
chr2_KI270770v1_alt	136240	15086	8
chr2_KI270773v1_alt	70887	9272	5
chr2_KI270774v1_alt	223625	29275	9
chr2_KI270769v1_alt	120616	14465	9
chr2_GL383521v1_alt	143390	18387	5
chr2_KI270772v1_alt	133041	88201	25
chr2_KI270775v1_alt	138019	16285	8
chr2_KI270771v1_alt	110395	13142	2
chr2_KI270768v1_alt	110099	13114	7
chr2_GL582966v2_alt	96131	12539	4
chr2_GL383522v1_alt	123821	18150	8
chr2_KI270776v1_alt	174166	24901	19
chr2_KI270767v1_alt	161578	14450	9
chr3_JH636055v2_alt	173151	23216	5
chr3_KI270783v1_alt	109187	14204	3
chr3_KI270780v1_alt	224108	27720	8
chr3_GL383526v1_alt	180671	21756	4
chr3_KI270777v1_alt	173649	21832	4
chr3_KI270778v1_alt	248252	26170	7
chr3_KI270781v1_alt	113034	16676	11
chr3_KI270779v1_alt	205312	11570	7
chr3_KI270782v1_alt	162429	23687	5
chr3_KI270784v1_alt	184404	26931	8
chr4_KI270790v1_alt	220246	25105	11
chr4_GL383528v1_alt	376187	36259	10
chr4_KI270787v1_alt	111943	16079	3
chr4_GL000257v2_alt	586476	71689	28
chr4_KI270788v1_alt	158965	21228	5
chr4_GL383527v1_alt	164536	20639	6
chr4_KI270785v1_alt	119912	13224	4
chr4_KI270789v1_alt	205944	23434	6
chr4_KI270786v1_alt	244096	16964	7
chr5_KI270793v1_alt	126136	18347	16
chr5_KI270792v1_alt	179043	26139	17
chr5_KI270791v1_alt	195710	27699	8
chr5_GL383532v1_alt	82728	5879	2
chr5_GL949742v1_alt	226852	23518	6
chr5_KI270794v1_alt	164558	18809	10
chr5_GL339449v2_alt	1612928	200219	60
chr5_GL383530v1_alt	101241	14974	4
chr5_KI270796v1_alt	172708	19074	7
chr5_GL383531v1_alt	173459	22265	3
chr5_KI270795v1_alt	131892	14456	11
chr6_GL000250v2_alt	4672374	77287	33
chr6_KI270800v1_alt	175808	20497	3
chr6_KI270799v1_alt	152148	14468	8
chr6_GL383533v1_alt	124736	19546	7
chr6_KI270801v1_alt	870480	107302	28
chr6_KI270802v1_alt	75005	9028	5
chr6_KB021644v2_alt	185823	21185	9
chr6_KI270797v1_alt	197536	25081	7
chr6_KI270798v1_alt	271782	38089	9
chr7_KI270804v1_alt	157952	15337	6
chr7_KI270809v1_alt	209586	26675	6
chr7_KI270806v1_alt	158166	19068	6
chr7_GL383534v2_alt	119183	13857	2
chr7_KI270803v1_alt	1111570	135389	44
chr7_KI270808v1_alt	271455	36760	14
chr7_KI270807v1_alt	126434	16418	5
chr7_KI270805v1_alt	209988	32266	15
chr8_KI270818v1_alt	145606	19503	5
chr8_KI270812v1_alt	282736	37894	15
chr8_KI270811v1_alt	292436	31048	16
chr8_KI270821v1_alt	985506	118453	31
chr8_KI270813v1_alt	300230	66899	20
chr8_KI270822v1_alt	624492	71103	25
chr8_KI270814v1_alt	141812	24873	6
chr8_KI270810v1_alt	374415	45063	13
chr8_KI270819v1_alt	133535	20392	10
chr8_KI270820v1_alt	36640	5267	2
chr8_KI270817v1_alt	158983	19485	7
chr8_KI270816v1_alt	305841	42395	19
chr8_KI270815v1_alt	132244	18927	5
chr9_GL383539v1_alt	162988	17758	4
chr9_GL383540v1_alt	71551	8640	3
chr9_GL383541v1_alt	171286	26734	8
chr9_GL383542v1_alt	60032	7698	0
chr9_KI270823v1_alt	439082	56008	23
chr10_GL383545v1_alt	179254	28570	8
chr10_KI270824v1_alt	181496	34706	19
chr10_GL383546v1_alt	309802	34169	10
chr10_KI270825v1_alt	188315	22466	5
chr11_KI270832v1_alt	210133	31262	10
chr11_KI270830v1_alt	177092	16518	6
chr11_KI270831v1_alt	296895	34014	11
chr11_KI270829v1_alt	204059	21998	6
chr11_GL383547v1_alt	154407	18410	16
chr11_JH159136v1_alt	200998	23893	4
chr11_JH159137v1_alt	191409	26970	8
chr11_KI270827v1_alt	67707	10345	4
chr11_KI270826v1_alt	186169	23982	8
chr12_GL877875v1_alt	167313	27985	12
chr12_GL877876v1_alt	408271	39388	18
chr12_KI270837v1_alt	40090	3571	2
chr12_GL383549v1_alt	120804	14397	5
chr12_KI270835v1_alt	238139	31511	6
chr12_GL383550v2_alt	169178	24802	6
chr12_GL383552v1_alt	138655	14865	9
chr12_GL383553v2_alt	152874	18521	6
chr12_KI270834v1_alt	119498	15785	6
chr12_GL383551v1_alt	184319	22659	10
chr12_KI270833v1_alt	76061	10249	3
chr12_KI270836v1_alt	56134	5436	1
chr13_KI270840v1_alt	191684	21820	6
chr13_KI270839v1_alt	180306	24543	4
chr13_KI270843v1_alt	103832	11940	2
chr13_KI270841v1_alt	169134	20153	2
chr13_KI270838v1_alt	306913	37807	12
chr13_KI270842v1_alt	37287	3605	1
chr14_KI270844v1_alt	322166	40820	14
chr14_KI270847v1_alt	1511111	196927	54
chr14_KI270845v1_alt	180703	22884	7
chr14_KI270846v1_alt	1351393	185786	87
chr15_KI270852v1_alt	478999	28385	14
chr15_KI270851v1_alt	263054	25612	5
chr15_KI270848v1_alt	327382	32835	10
chr15_GL383554v1_alt	296527	29585	12
chr15_KI270849v1_alt	244917	29700	8
chr15_GL383555v2_alt	388773	55524	27
chr15_KI270850v1_alt	430880	67261	34
chr16_KI270854v1_alt	134193	17114	10
chr16_KI270856v1_alt	63982	10112	0
chr16_KI270855v1_alt	232857	31586	7
chr16_KI270853v1_alt	2659700	361452	131
chr16_GL383556v1_alt	192462	23605	12
chr16_GL383557v1_alt	89672	11577	1
chr17_GL383563v3_alt	375691	38998	19
chr17_KI270862v1_alt	391357	48531	28
chr17_KI270861v1_alt	196688	25261	4
chr17_KI270857v1_alt	2877074	372308	107
chr17_JH159146v1_alt	278131	36073	8
chr17_JH159147v1_alt	70345	7353	2
chr17_GL383564v2_alt	133151	17155	3
chr17_GL000258v2_alt	1821992	204917	53
chr17_GL383565v1_alt	223995	28649	4
chr17_KI270858v1_alt	235827	26827	13
chr17_KI270859v1_alt	108763	15651	10
chr17_GL383566v1_alt	90219	11112	12
chr17_KI270860v1_alt	178921	21709	12
chr18_KI270864v1_alt	111737	15058	6
chr18_GL383567v1_alt	289831	35665	5
chr18_GL383570v1_alt	164789	21068	9
chr18_GL383571v1_alt	198278	19469	7
chr18_GL383568v1_alt	104552	14997	3
chr18_GL383569v1_alt	167950	13852	5
chr18_GL383572v1_alt	159547	13344	7
chr18_KI270863v1_alt	167999	22764	8
chr19_KI270868v1_alt	61734	6980	8
chr19_KI270865v1_alt	52969	7377	1
chr19_GL383573v1_alt	385657	39600	12
chr19_GL383575v2_alt	170222	18438	9
chr19_GL383576v1_alt	188024	25635	6
chr19_GL383574v1_alt	155864	20872	9
chr19_KI270866v1_alt	43156	9422	1
chr19_KI270867v1_alt	233762	29986	11
chr19_GL949746v1_alt	987716	32270	12
chr20_GL383577v2_alt	128386	16254	6
chr20_KI270869v1_alt	118774	17290	12
chr20_KI270871v1_alt	58661	9279	9
chr20_KI270870v1_alt	183433	27004	7
chr21_GL383578v2_alt	63917	9125	0
chr21_KI270874v1_alt	166743	23033	8
chr21_KI270873v1_alt	143900	19354	2
chr21_GL383579v2_alt	201197	23964	6
chr21_GL383580v2_alt	74653	9966	4
chr21_GL383581v2_alt	116689	15377	3
chr21_KI270872v1_alt	82692	12050	11
chr22_KI270875v1_alt	259914	33937	17
chr22_KI270878v1_alt	186262	30461	10
chr22_KI270879v1_alt	304135	37516	14
chr22_KI270876v1_alt	263666	34017	16
chr22_KI270877v1_alt	101331	14580	7
chr22_GL383583v2_alt	96924	13047	6
chr22_GL383582v2_alt	162811	15861	5
chrX_KI270880v1_alt	284869	17174	24
chrX_KI270881v1_alt	144206	6501	3
chr19_KI270882v1_alt	248807	1767	0
chr19_KI270883v1_alt	170399	2644	0
chr19_KI270884v1_alt	157053	846	0
chr19_KI270885v1_alt	171027	1264	0
chr19_KI270886v1_alt	204239	687	0
chr19_KI270887v1_alt	209512	2737	0
chr19_KI270888v1_alt	155532	824	1
chr19_KI270889v1_alt	170698	1504	0
chr19_KI270890v1_alt	184499	2071	1
chr19_KI270891v1_alt	170680	1359	0
chr1_KI270892v1_alt	162212	17785	11
chr2_KI270894v1_alt	214158	99532	28
chr2_KI270893v1_alt	161218	14521	6
chr3_KI270895v1_alt	162896	9182	5
chr4_KI270896v1_alt	378547	42383	15
chr5_KI270897v1_alt	1144418	131608	42
chr5_KI270898v1_alt	130957	10263	5
chr6_GL000251v2_alt	4795265	196619	60
chr7_KI270899v1_alt	190869	22603	4
chr8_KI270901v1_alt	136959	19218	8
chr8_KI270900v1_alt	318687	33461	15
chr11_KI270902v1_alt	106711	11267	4
chr11_KI270903v1_alt	214625	23249	6
chr12_KI270904v1_alt	572349	51479	22
chr15_KI270906v1_alt	196384	19244	9
chr15_KI270905v1_alt	5161414	587291	195
chr17_KI270907v1_alt	137721	14483	8
chr17_KI270910v1_alt	157099	13620	5
chr17_KI270909v1_alt	325800	28777	6
chr17_JH159148v1_alt	88070	8436	3
chr17_KI270908v1_alt	1423190	135717	41
chr18_KI270912v1_alt	174061	14456	8
chr18_KI270911v1_alt	157710	16212	6
chr19_GL949747v2_alt	729520	18910	6
chr22_KB663609v1_alt	74013	4081	0
chrX_KI270913v1_alt	274009	21559	33
chr19_KI270914v1_alt	205194	2078	1
chr19_KI270915v1_alt	170665	1378	0
chr19_KI270916v1_alt	184516	1507	0
chr19_KI270917v1_alt	190932	1699	0
chr19_KI270918v1_alt	123111	1191	0
chr19_KI270919v1_alt	170701	1581	1
chr19_KI270920v1_alt	198005	1354	1
chr19_KI270921v1_alt	282224	2367	0
chr19_KI270922v1_alt	187935	1723	2
chr19_KI270923v1_alt	189352	1318	0
chr3_KI270924v1_alt	166540	9688	6
chr4_KI270925v1_alt	555799	60283	15
chr6_GL000252v2_alt	4604811	152152	43
chr8_KI270926v1_alt	229282	23149	12
chr11_KI270927v1_alt	218612	26507	12
chr19_GL949748v2_alt	1064304	8552	5
chr22_KI270928v1_alt	176103	11998	1
chr19_KI270929v1_alt	186203	1312	0
chr19_KI270930v1_alt	200773	1258	0
chr19_KI270931v1_alt	170148	1456	0
chr19_KI270932v1_alt	215732	2248	0
chr19_KI270933v1_alt	170537	1230	0
chr19_GL000209v2_alt	177381	1885	0
chr3_KI270934v1_alt	163458	8289	2
chr6_GL000253v2_alt	4677643	187678	66
chr19_GL949749v2_alt	1091841	9378	5
chr3_KI270935v1_alt	197351	9670	3
chr6_GL000254v2_alt	4827813	143397	44
chr19_GL949750v2_alt	1066390	9217	2
chr3_KI270936v1_alt	164170	7731	3
chr6_GL000255v2_alt	4606388	162160	57
chr19_GL949751v2_alt	1002683	9620	1
chr3_KI270937v1_alt	165607	8276	5
chr6_GL000256v2_alt	4929269	162791	54
chr19_GL949752v1_alt	987100	47774	25
chr6_KI270758v1_alt	76752	1035	1
chr19_GL949753v2_alt	796479	18625	8
chr19_KI270938v1_alt	1066800	39836	9
chrM	16569	1644277	599
chrUn_KI270302v1	2274	552	0
chrUn_KI270304v1	2165	180	0
chrUn_KI270303v1	1942	1293	0
chrUn_KI270305v1	1472	849	0
chrUn_KI270322v1	21476	4321	0
chrUn_KI270320v1	4416	8032	3
chrUn_KI270310v1	1201	2720	0
chrUn_KI270316v1	1444	123	0
chrUn_KI270315v1	2276	862	1
chrUn_KI270312v1	998	260	0
chrUn_KI270311v1	12399	1668	0
chrUn_KI270317v1	37690	535	0
chrUn_KI270412v1	1179	657	0
chrUn_KI270411v1	2646	916	1
chrUn_KI270414v1	2489	408	0
chrUn_KI270419v1	1029	548	0
chrUn_KI270418v1	2145	1408	0
chrUn_KI270420v1	2321	1646	0
chrUn_KI270424v1	2140	295	0
chrUn_KI270417v1	2043	596	0
chrUn_KI270422v1	1445	993	0
chrUn_KI270423v1	981	490	0
chrUn_KI270425v1	1884	191	0
chrUn_KI270429v1	1361	320	0
chrUn_KI270442v1	392061	372083	440
chrUn_KI270466v1	1233	51039	8
chrUn_KI270465v1	1774	2019	0
chrUn_KI270467v1	3920	163525	43
chrUn_KI270435v1	92983	56377	67
chrUn_KI270438v1	112505	1598861	432
chrUn_KI270468v1	4055	2063	1
chrUn_KI270510v1	2415	2717	1
chrUn_KI270509v1	2318	2720	1
chrUn_KI270518v1	2186	2652	0
chrUn_KI270508v1	1951	2998	0
chrUn_KI270516v1	1300	1642	0
chrUn_KI270512v1	22689	13350	17
chrUn_KI270519v1	138126	88856	39
chrUn_KI270522v1	5674	1390	0
chrUn_KI270511v1	8127	3913	0
chrUn_KI270515v1	6361	7846	2
chrUn_KI270507v1	5353	5477	1
chrUn_KI270517v1	3253	4087	0
chrUn_KI270529v1	1899	729	0
chrUn_KI270528v1	2983	431	2
chrUn_KI270530v1	2168	249	0
chrUn_KI270539v1	993	136	0
chrUn_KI270538v1	91309	59008	13
chrUn_KI270544v1	1202	2531	0
chrUn_KI270548v1	1599	89	0
chrUn_KI270583v1	1400	1315	2
chrUn_KI270587v1	2969	2723	1
chrUn_KI270580v1	1553	1598	0
chrUn_KI270581v1	7046	2147	0
chrUn_KI270579v1	31033	8090	2
chrUn_KI270589v1	44474	28159	59
chrUn_KI270590v1	4685	7862	2
chrUn_KI270584v1	4513	4460	1
chrUn_KI270582v1	6504	2304	0
chrUn_KI270588v1	6158	4896	0
chrUn_KI270593v1	3041	2261	0
chrUn_KI270591v1	5796	8627	20
chrUn_KI270330v1	1652	5393	5
chrUn_KI270329v1	1040	624	0
chrUn_KI270334v1	1368	814	0
chrUn_KI270333v1	2699	34194	11
chrUn_KI270335v1	1048	294	0
chrUn_KI270338v1	1428	246	0
chrUn_KI270340v1	1428	1908	0
chrUn_KI270336v1	1026	6791	8
chrUn_KI270337v1	1121	42047	11
chrUn_KI270363v1	1803	355	0
chrUn_KI270364v1	2855	606	0
chrUn_KI270362v1	3530	952	0
chrUn_KI270366v1	8320	2205	0
chrUn_KI270378v1	1048	179	0
chrUn_KI270379v1	1045	100	0
chrUn_KI270389v1	1298	389	0
chrUn_KI270390v1	2387	91	0
chrUn_KI270387v1	1537	565	1
chrUn_KI270395v1	1143	931	0
chrUn_KI270396v1	1880	192	0
chrUn_KI270388v1	1216	385	0
chrUn_KI270394v1	970	301	0
chrUn_KI270386v1	1788	207	1
chrUn_KI270391v1	1484	60	1
chrUn_KI270383v1	1750	186	0
chrUn_KI270393v1	1308	57	0
chrUn_KI270384v1	1658	268	0
chrUn_KI270392v1	971	216	0
chrUn_KI270381v1	1930	378	0
chrUn_KI270385v1	990	184	0
chrUn_KI270382v1	4215	457	0
chrUn_KI270376v1	1136	112	0
chrUn_KI270374v1	2656	220	0
chrUn_KI270372v1	1650	197	0
chrUn_KI270373v1	1451	113	0
chrUn_KI270375v1	2378	312	0
chrUn_KI270371v1	2805	206	0
chrUn_KI270448v1	7992	3984	0
chrUn_KI270521v1	7642	2179	0
chrUn_GL000195v1	182896	84309	26
chrUn_GL000219v1	179198	93218	43
chrUn_GL000220v1	161802	519600	223
chrUn_GL000224v1	179693	210843	52
chrUn_KI270741v1	157432	32467	7
chrUn_GL000226v1	15008	243185	14
chrUn_GL000213v1	164239	11078	4
chrUn_KI270743v1	210658	89608	25
chrUn_KI270744v1	168472	187480	41
chrUn_KI270745v1	41891	13513	1
chrUn_KI270746v1	66486	45470	9
chrUn_KI270747v1	198735	36225	8
chrUn_KI270748v1	93321	20379	6
chrUn_KI270749v1	158759	56988	15
chrUn_KI270750v1	148850	65176	15
chrUn_KI270751v1	150742	121085	58
chrUn_KI270752v1	27745	171	54
chrUn_KI270753v1	62944	24688	5
chrUn_KI270754v1	40191	45397	15
chrUn_KI270755v1	36723	2248	1
chrUn_KI270756v1	79590	39396	68
chrUn_KI270757v1	71251	64022	56
chrUn_GL000214v1	137718	136487	49
chrUn_KI270742v1	186739	127183	47
chrUn_GL000216v2	176608	526695	303
chrUn_GL000218v1	161147	56844	13
chrX	156040895	19101400	6594
chrY	57227415	6366123	4118
chrY_KI270740v1_random	37240	5025	0
*	0	0	850716
