chr1	248956422	57239719	16623
chr10	133797422	32853473	10195
chr11	135086622	31403159	9108
chr11_KI270721v1_random	100316	11829	7
chr12	133275309	31373630	9226
chr13	114364328	22719603	6832
chr14	107043718	21028488	6363
chr14_GL000009v2_random	201709	107491	23
chr14_GL000225v1_random	211173	610228	276
chr14_KI270722v1_random	194050	46201	21
chr14_GL000194v1_random	191469	130773	26
chr14_KI270723v1_random	38115	23876	12
chr14_KI270724v1_random	39555	27893	6
chr14_KI270725v1_random	172810	48151	17
chr14_KI270726v1_random	43739	1510	16
chr15	101991189	19055044	5682
chr15_KI270727v1_random	448248	22778	9
chr16	90338345	21000909	6199
chr16_KI270728v1_random	1872759	317804	113
chr17	83257441	19437244	6308
chr17_GL000205v2_random	185591	120360	36
chr17_KI270729v1_random	280839	493988	215
chr17_KI270730v1_random	112551	88207	304
chr18	80373285	19056876	5335
chr19	58617616	14252797	4732
chr1_KI270706v1_random	175055	52603	15
chr1_KI270707v1_random	32032	8471	3
chr1_KI270708v1_random	127682	32992	14
chr1_KI270709v1_random	66860	376925	63
chr1_KI270710v1_random	40176	14071	3
chr1_KI270711v1_random	42210	32427	6
chr1_KI270712v1_random	176043	39953	19
chr1_KI270713v1_random	40745	19532	1
chr1_KI270714v1_random	41717	9651	1
chr2	242193529	57543989	19316
chr20	64444167	16780219	5380
chr21	46709983	10943793	3838
chr22	50818468	9884003	3215
chr22_KI270731v1_random	150754	81111	72
chr22_KI270732v1_random	41543	34262	13
chr22_KI270733v1_random	179772	419257	206
chr22_KI270734v1_random	165050	102087	42
chr22_KI270735v1_random	42811	79449	150
chr22_KI270736v1_random	181920	184001	995
chr22_KI270737v1_random	103838	47062	45
chr22_KI270738v1_random	99375	28208	5
chr22_KI270739v1_random	73985	9931	3
chr2_KI270715v1_random	161471	50659	10
chr2_KI270716v1_random	153799	34107	6
chr3	198295559	47347947	13640
chr3_GL000221v1_random	155397	78119	28
chr4	190214555	45565726	13171
chr4_GL000008v2_random	209709	98054	71
chr5	181538259	43238398	12129
chr5_GL000208v1_random	92689	36324	3
chr6	170805979	39055302	11387
chr7	159345973	37244610	10885
chr8	145138636	33882386	9957
chr9	138394717	29406533	8651
chr9_KI270717v1_random	40062	9027	1
chr9_KI270718v1_random	38054	15906	9
chr9_KI270719v1_random	176845	65543	15
chr9_KI270720v1_random	39050	15900	1
chr1_KI270762v1_alt	354444	80772	36
chr1_KI270766v1_alt	256271	32188	8
chr1_KI270760v1_alt	109528	13047	8
chr1_KI270765v1_alt	185285	30090	8
chr1_GL383518v1_alt	182439	20125	7
chr1_GL383519v1_alt	110268	11023	2
chr1_GL383520v2_alt	366580	42895	11
chr1_KI270764v1_alt	50258	6352	2
chr1_KI270763v1_alt	911658	104611	30
chr1_KI270759v1_alt	425601	53410	17
chr1_KI270761v1_alt	165834	16453	9
chr2_KI270770v1_alt	136240	13975	7
chr2_KI270773v1_alt	70887	8317	1
chr2_KI270774v1_alt	223625	26887	12
chr2_KI270769v1_alt	120616	13680	0
chr2_GL383521v1_alt	143390	17476	12
chr2_KI270772v1_alt	133041	81906	23
chr2_KI270775v1_alt	138019	14951	1
chr2_KI270771v1_alt	110395	12134	3
chr2_KI270768v1_alt	110099	12664	7
chr2_GL582966v2_alt	96131	11504	7
chr2_GL383522v1_alt	123821	16666	2
chr2_KI270776v1_alt	174166	22461	25
chr2_KI270767v1_alt	161578	13335	3
chr3_JH636055v2_alt	173151	22217	7
chr3_KI270783v1_alt	109187	13489	4
chr3_KI270780v1_alt	224108	25940	11
chr3_GL383526v1_alt	180671	20315	7
chr3_KI270777v1_alt	173649	19955	8
chr3_KI270778v1_alt	248252	25121	10
chr3_KI270781v1_alt	113034	15613	6
chr3_KI270779v1_alt	205312	10994	2
chr3_KI270782v1_alt	162429	22046	4
chr3_KI270784v1_alt	184404	24383	5
chr4_KI270790v1_alt	220246	23845	3
chr4_GL383528v1_alt	376187	34220	6
chr4_KI270787v1_alt	111943	14893	1
chr4_GL000257v2_alt	586476	67481	14
chr4_KI270788v1_alt	158965	20589	6
chr4_GL383527v1_alt	164536	20361	6
chr4_KI270785v1_alt	119912	12792	1
chr4_KI270789v1_alt	205944	22460	9
chr4_KI270786v1_alt	244096	15289	6
chr5_KI270793v1_alt	126136	16704	7
chr5_KI270792v1_alt	179043	23909	9
chr5_KI270791v1_alt	195710	24918	9
chr5_GL383532v1_alt	82728	5703	2
chr5_GL949742v1_alt	226852	22406	7
chr5_KI270794v1_alt	164558	17393	5
chr5_GL339449v2_alt	1612928	189981	51
chr5_GL383530v1_alt	101241	13800	6
chr5_KI270796v1_alt	172708	18625	13
chr5_GL383531v1_alt	173459	21111	7
chr5_KI270795v1_alt	131892	12769	2
chr6_GL000250v2_alt	4672374	72931	28
chr6_KI270800v1_alt	175808	19514	7
chr6_KI270799v1_alt	152148	13323	5
chr6_GL383533v1_alt	124736	18118	7
chr6_KI270801v1_alt	870480	101004	25
chr6_KI270802v1_alt	75005	8136	2
chr6_KB021644v2_alt	185823	19542	5
chr6_KI270797v1_alt	197536	22750	12
chr6_KI270798v1_alt	271782	34382	8
chr7_KI270804v1_alt	157952	13978	9
chr7_KI270809v1_alt	209586	24545	9
chr7_KI270806v1_alt	158166	17647	9
chr7_GL383534v2_alt	119183	12882	2
chr7_KI270803v1_alt	1111570	125117	43
chr7_KI270808v1_alt	271455	34121	8
chr7_KI270807v1_alt	126434	14866	8
chr7_KI270805v1_alt	209988	29597	18
chr8_KI270818v1_alt	145606	18306	6
chr8_KI270812v1_alt	282736	35399	12
chr8_KI270811v1_alt	292436	28604	7
chr8_KI270821v1_alt	985506	108906	25
chr8_KI270813v1_alt	300230	62883	26
chr8_KI270822v1_alt	624492	67481	22
chr8_KI270814v1_alt	141812	22949	3
chr8_KI270810v1_alt	374415	42701	8
chr8_KI270819v1_alt	133535	17828	4
chr8_KI270820v1_alt	36640	4864	3
chr8_KI270817v1_alt	158983	17653	9
chr8_KI270816v1_alt	305841	39870	19
chr8_KI270815v1_alt	132244	17332	7
chr9_GL383539v1_alt	162988	16464	6
chr9_GL383540v1_alt	71551	8092	2
chr9_GL383541v1_alt	171286	24686	9
chr9_GL383542v1_alt	60032	7335	1
chr9_KI270823v1_alt	439082	51783	13
chr10_GL383545v1_alt	179254	26819	5
chr10_KI270824v1_alt	181496	32409	8
chr10_GL383546v1_alt	309802	32560	15
chr10_KI270825v1_alt	188315	21407	9
chr11_KI270832v1_alt	210133	28142	11
chr11_KI270830v1_alt	177092	15066	2
chr11_KI270831v1_alt	296895	31133	11
chr11_KI270829v1_alt	204059	20812	5
chr11_GL383547v1_alt	154407	17554	25
chr11_JH159136v1_alt	200998	22611	8
chr11_JH159137v1_alt	191409	25336	8
chr11_KI270827v1_alt	67707	9968	7
chr11_KI270826v1_alt	186169	21487	5
chr12_GL877875v1_alt	167313	25034	7
chr12_GL877876v1_alt	408271	36600	7
chr12_KI270837v1_alt	40090	3225	2
chr12_GL383549v1_alt	120804	13327	4
chr12_KI270835v1_alt	238139	29282	12
chr12_GL383550v2_alt	169178	23156	5
chr12_GL383552v1_alt	138655	14167	2
chr12_GL383553v2_alt	152874	17232	9
chr12_KI270834v1_alt	119498	14709	9
chr12_GL383551v1_alt	184319	21590	7
chr12_KI270833v1_alt	76061	9038	3
chr12_KI270836v1_alt	56134	5089	3
chr13_KI270840v1_alt	191684	19918	3
chr13_KI270839v1_alt	180306	22621	7
chr13_KI270843v1_alt	103832	11207	7
chr13_KI270841v1_alt	169134	18990	4
chr13_KI270838v1_alt	306913	35634	20
chr13_KI270842v1_alt	37287	3032	2
chr14_KI270844v1_alt	322166	38777	13
chr14_KI270847v1_alt	1511111	182347	44
chr14_KI270845v1_alt	180703	21171	4
chr14_KI270846v1_alt	1351393	169189	76
chr15_KI270852v1_alt	478999	27393	9
chr15_KI270851v1_alt	263054	24077	9
chr15_KI270848v1_alt	327382	30378	4
chr15_GL383554v1_alt	296527	28097	7
chr15_KI270849v1_alt	244917	27364	4
chr15_GL383555v2_alt	388773	50464	18
chr15_KI270850v1_alt	430880	63080	29
chr16_KI270854v1_alt	134193	15618	13
chr16_KI270856v1_alt	63982	9213	4
chr16_KI270855v1_alt	232857	28945	8
chr16_KI270853v1_alt	2659700	336942	118
chr16_GL383556v1_alt	192462	21225	2
chr16_GL383557v1_alt	89672	10994	1
chr17_GL383563v3_alt	375691	36165	20
chr17_KI270862v1_alt	391357	44678	21
chr17_KI270861v1_alt	196688	23122	7
chr17_KI270857v1_alt	2877074	348152	100
chr17_JH159146v1_alt	278131	33149	10
chr17_JH159147v1_alt	70345	7217	2
chr17_GL383564v2_alt	133151	15874	3
chr17_GL000258v2_alt	1821992	193595	44
chr17_GL383565v1_alt	223995	26975	4
chr17_KI270858v1_alt	235827	25267	14
chr17_KI270859v1_alt	108763	14570	6
chr17_GL383566v1_alt	90219	9953	6
chr17_KI270860v1_alt	178921	19352	14
chr18_KI270864v1_alt	111737	13862	3
chr18_GL383567v1_alt	289831	33870	7
chr18_GL383570v1_alt	164789	18911	6
chr18_GL383571v1_alt	198278	18140	4
chr18_GL383568v1_alt	104552	13958	4
chr18_GL383569v1_alt	167950	13048	3
chr18_GL383572v1_alt	159547	11852	1
chr18_KI270863v1_alt	167999	20789	11
chr19_KI270868v1_alt	61734	6326	3
chr19_KI270865v1_alt	52969	6779	4
chr19_GL383573v1_alt	385657	36514	10
chr19_GL383575v2_alt	170222	17768	11
chr19_GL383576v1_alt	188024	24001	3
chr19_GL383574v1_alt	155864	19854	6
chr19_KI270866v1_alt	43156	9405	2
chr19_KI270867v1_alt	233762	27559	13
chr19_GL949746v1_alt	987716	29604	6
chr20_GL383577v2_alt	128386	14947	6
chr20_KI270869v1_alt	118774	15658	9
chr20_KI270871v1_alt	58661	8402	6
chr20_KI270870v1_alt	183433	24230	7
chr21_GL383578v2_alt	63917	8345	5
chr21_KI270874v1_alt	166743	21573	8
chr21_KI270873v1_alt	143900	18259	4
chr21_GL383579v2_alt	201197	22851	9
chr21_GL383580v2_alt	74653	9395	2
chr21_GL383581v2_alt	116689	14318	3
chr21_KI270872v1_alt	82692	11043	4
chr22_KI270875v1_alt	259914	31808	5
chr22_KI270878v1_alt	186262	27895	16
chr22_KI270879v1_alt	304135	35112	5
chr22_KI270876v1_alt	263666	32903	5
chr22_KI270877v1_alt	101331	13346	3
chr22_GL383583v2_alt	96924	11826	5
chr22_GL383582v2_alt	162811	15471	0
chrX_KI270880v1_alt	284869	15806	26
chrX_KI270881v1_alt	144206	6423	1
chr19_KI270882v1_alt	248807	1772	3
chr19_KI270883v1_alt	170399	2363	0
chr19_KI270884v1_alt	157053	753	0
chr19_KI270885v1_alt	171027	1147	1
chr19_KI270886v1_alt	204239	799	0
chr19_KI270887v1_alt	209512	2835	0
chr19_KI270888v1_alt	155532	866	0
chr19_KI270889v1_alt	170698	1412	1
chr19_KI270890v1_alt	184499	1957	1
chr19_KI270891v1_alt	170680	1260	0
chr1_KI270892v1_alt	162212	16435	10
chr2_KI270894v1_alt	214158	93296	24
chr2_KI270893v1_alt	161218	13526	5
chr3_KI270895v1_alt	162896	8687	4
chr4_KI270896v1_alt	378547	38004	10
chr5_KI270897v1_alt	1144418	125936	43
chr5_KI270898v1_alt	130957	9515	5
chr6_GL000251v2_alt	4795265	183852	45
chr7_KI270899v1_alt	190869	20935	9
chr8_KI270901v1_alt	136959	17599	6
chr8_KI270900v1_alt	318687	30494	15
chr11_KI270902v1_alt	106711	10742	3
chr11_KI270903v1_alt	214625	20975	13
chr12_KI270904v1_alt	572349	47477	14
chr15_KI270906v1_alt	196384	17980	5
chr15_KI270905v1_alt	5161414	549722	168
chr17_KI270907v1_alt	137721	13633	4
chr17_KI270910v1_alt	157099	12905	3
chr17_KI270909v1_alt	325800	26536	10
chr17_JH159148v1_alt	88070	7644	1
chr17_KI270908v1_alt	1423190	127348	39
chr18_KI270912v1_alt	174061	13613	5
chr18_KI270911v1_alt	157710	14644	5
chr19_GL949747v2_alt	729520	17804	7
chr22_KB663609v1_alt	74013	3790	1
chrX_KI270913v1_alt	274009	19521	17
chr19_KI270914v1_alt	205194	1997	0
chr19_KI270915v1_alt	170665	1427	0
chr19_KI270916v1_alt	184516	1509	1
chr19_KI270917v1_alt	190932	1565	0
chr19_KI270918v1_alt	123111	1032	0
chr19_KI270919v1_alt	170701	1409	1
chr19_KI270920v1_alt	198005	1329	1
chr19_KI270921v1_alt	282224	2179	2
chr19_KI270922v1_alt	187935	1657	1
chr19_KI270923v1_alt	189352	1149	2
chr3_KI270924v1_alt	166540	9105	4
chr4_KI270925v1_alt	555799	54479	16
chr6_GL000252v2_alt	4604811	143616	41
chr8_KI270926v1_alt	229282	21480	10
chr11_KI270927v1_alt	218612	24233	11
chr19_GL949748v2_alt	1064304	8110	2
chr22_KI270928v1_alt	176103	10946	5
chr19_KI270929v1_alt	186203	1358	0
chr19_KI270930v1_alt	200773	1182	1
chr19_KI270931v1_alt	170148	1354	0
chr19_KI270932v1_alt	215732	2237	0
chr19_KI270933v1_alt	170537	1212	1
chr19_GL000209v2_alt	177381	1693	0
chr3_KI270934v1_alt	163458	7746	5
chr6_GL000253v2_alt	4677643	177226	46
chr19_GL949749v2_alt	1091841	8424	1
chr3_KI270935v1_alt	197351	8892	5
chr6_GL000254v2_alt	4827813	133086	32
chr19_GL949750v2_alt	1066390	8464	2
chr3_KI270936v1_alt	164170	7318	2
chr6_GL000255v2_alt	4606388	150896	48
chr19_GL949751v2_alt	1002683	8799	4
chr3_KI270937v1_alt	165607	7604	2
chr6_GL000256v2_alt	4929269	151596	43
chr19_GL949752v1_alt	987100	45107	20
chr6_KI270758v1_alt	76752	995	0
chr19_GL949753v2_alt	796479	17406	9
chr19_KI270938v1_alt	1066800	37651	8
chrM	16569	1449299	449
chrUn_KI270302v1	2274	445	0
chrUn_KI270304v1	2165	222	0
chrUn_KI270303v1	1942	1108	0
chrUn_KI270305v1	1472	840	0
chrUn_KI270322v1	21476	3990	1
chrUn_KI270320v1	4416	7594	4
chrUn_KI270310v1	1201	2475	1
chrUn_KI270316v1	1444	136	0
chrUn_KI270315v1	2276	849	0
chrUn_KI270312v1	998	248	0
chrUn_KI270311v1	12399	1470	0
chrUn_KI270317v1	37690	436	0
chrUn_KI270412v1	1179	577	0
chrUn_KI270411v1	2646	942	0
chrUn_KI270414v1	2489	391	0
chrUn_KI270419v1	1029	522	0
chrUn_KI270418v1	2145	1431	0
chrUn_KI270420v1	2321	1436	0
chrUn_KI270424v1	2140	312	0
chrUn_KI270417v1	2043	550	0
chrUn_KI270422v1	1445	923	0
chrUn_KI270423v1	981	437	0
chrUn_KI270425v1	1884	191	0
chrUn_KI270429v1	1361	316	0
chrUn_KI270442v1	392061	342129	352
chrUn_KI270466v1	1233	48722	10
chrUn_KI270465v1	1774	2007	0
chrUn_KI270467v1	3920	151593	45
chrUn_KI270435v1	92983	52332	56
chrUn_KI270438v1	112505	1462960	402
chrUn_KI270468v1	4055	1865	1
chrUn_KI270510v1	2415	2435	0
chrUn_KI270509v1	2318	2579	1
chrUn_KI270518v1	2186	2360	1
chrUn_KI270508v1	1951	2705	0
chrUn_KI270516v1	1300	1550	0
chrUn_KI270512v1	22689	12622	11
chrUn_KI270519v1	138126	83991	54
chrUn_KI270522v1	5674	1235	0
chrUn_KI270511v1	8127	3735	0
chrUn_KI270515v1	6361	7555	0
chrUn_KI270507v1	5353	4783	1
chrUn_KI270517v1	3253	3735	0
chrUn_KI270529v1	1899	567	0
chrUn_KI270528v1	2983	373	0
chrUn_KI270530v1	2168	207	0
chrUn_KI270539v1	993	96	0
chrUn_KI270538v1	91309	54552	13
chrUn_KI270544v1	1202	2370	1
chrUn_KI270548v1	1599	64	0
chrUn_KI270583v1	1400	1296	0
chrUn_KI270587v1	2969	2411	0
chrUn_KI270580v1	1553	1506	0
chrUn_KI270581v1	7046	1969	0
chrUn_KI270579v1	31033	7421	4
chrUn_KI270589v1	44474	26287	41
chrUn_KI270590v1	4685	7312	2
chrUn_KI270584v1	4513	4427	0
chrUn_KI270582v1	6504	2193	0
chrUn_KI270588v1	6158	4474	2
chrUn_KI270593v1	3041	2071	0
chrUn_KI270591v1	5796	8506	20
chrUn_KI270330v1	1652	5057	1
chrUn_KI270329v1	1040	640	0
chrUn_KI270334v1	1368	800	0
chrUn_KI270333v1	2699	31047	13
chrUn_KI270335v1	1048	298	0
chrUn_KI270338v1	1428	238	0
chrUn_KI270340v1	1428	1731	2
chrUn_KI270336v1	1026	6554	2
chrUn_KI270337v1	1121	38423	9
chrUn_KI270363v1	1803	386	0
chrUn_KI270364v1	2855	554	0
chrUn_KI270362v1	3530	931	0
chrUn_KI270366v1	8320	2103	1
chrUn_KI270378v1	1048	153	0
chrUn_KI270379v1	1045	96	0
chrUn_KI270389v1	1298	387	0
chrUn_KI270390v1	2387	63	0
chrUn_KI270387v1	1537	554	0
chrUn_KI270395v1	1143	808	0
chrUn_KI270396v1	1880	187	0
chrUn_KI270388v1	1216	389	0
chrUn_KI270394v1	970	300	0
chrUn_KI270386v1	1788	170	1
chrUn_KI270391v1	1484	48	0
chrUn_KI270383v1	1750	202	0
chrUn_KI270393v1	1308	42	0
chrUn_KI270384v1	1658	253	0
chrUn_KI270392v1	971	202	0
chrUn_KI270381v1	1930	433	0
chrUn_KI270385v1	990	162	0
chrUn_KI270382v1	4215	436	0
chrUn_KI270376v1	1136	84	0
chrUn_KI270374v1	2656	174	0
chrUn_KI270372v1	1650	157	0
chrUn_KI270373v1	1451	141	0
chrUn_KI270375v1	2378	310	0
chrUn_KI270371v1	2805	209	0
chrUn_KI270448v1	7992	3598	3
chrUn_KI270521v1	7642	2098	0
chrUn_GL000195v1	182896	78104	21
chrUn_GL000219v1	179198	85999	40
chrUn_GL000220v1	161802	490378	182
chrUn_GL000224v1	179693	195155	62
chrUn_KI270741v1	157432	30236	17
chrUn_GL000226v1	15008	226616	10
chrUn_GL000213v1	164239	10407	3
chrUn_KI270743v1	210658	85258	23
chrUn_KI270744v1	168472	172744	44
chrUn_KI270745v1	41891	12244	3
chrUn_KI270746v1	66486	43225	9
chrUn_KI270747v1	198735	33490	8
chrUn_KI270748v1	93321	17973	5
chrUn_KI270749v1	158759	53161	14
chrUn_KI270750v1	148850	61644	16
chrUn_KI270751v1	150742	114235	34
chrUn_KI270752v1	27745	213	72
chrUn_KI270753v1	62944	23006	4
chrUn_KI270754v1	40191	42812	8
chrUn_KI270755v1	36723	1849	2
chrUn_KI270756v1	79590	35388	78
chrUn_KI270757v1	71251	59332	52
chrUn_GL000214v1	137718	126426	34
chrUn_KI270742v1	186739	119210	26
chrUn_GL000216v2	176608	470465	261
chrUn_GL000218v1	161147	53574	12
chrX	156040895	17907704	5866
chrY	57227415	5893698	3565
chrY_KI270740v1_random	37240	4436	1
*	0	0	845788
