chr1	248956422	55439680	19916
chr10	133797422	31883924	12065
chr11	135086622	30364674	10839
chr11_KI270721v1_random	100316	12012	3
chr12	133275309	30379677	11148
chr13	114364328	22016329	7774
chr14	107043718	20374167	7535
chr14_GL000009v2_random	201709	104697	34
chr14_GL000225v1_random	211173	589431	342
chr14_KI270722v1_random	194050	44650	18
chr14_GL000194v1_random	191469	127516	32
chr14_KI270723v1_random	38115	23115	10
chr14_KI270724v1_random	39555	26953	11
chr14_KI270725v1_random	172810	47218	17
chr14_KI270726v1_random	43739	1397	21
chr15	101991189	18460581	6925
chr15_KI270727v1_random	448248	21974	6
chr16	90338345	20356221	7517
chr16_KI270728v1_random	1872759	308516	109
chr17	83257441	18800373	7514
chr17_GL000205v2_random	185591	117737	38
chr17_KI270729v1_random	280839	504256	266
chr17_KI270730v1_random	112551	87249	286
chr18	80373285	18447201	6562
chr19	58617616	13736582	5602
chr1_KI270706v1_random	175055	49855	29
chr1_KI270707v1_random	32032	8447	4
chr1_KI270708v1_random	127682	32080	11
chr1_KI270709v1_random	66860	373699	102
chr1_KI270710v1_random	40176	13605	9
chr1_KI270711v1_random	42210	31474	10
chr1_KI270712v1_random	176043	38242	32
chr1_KI270713v1_random	40745	18149	4
chr1_KI270714v1_random	41717	9450	0
chr2	242193529	56038209	23419
chr20	64444167	16270095	6466
chr21	46709983	10587030	4380
chr22	50818468	9529627	3976
chr22_KI270731v1_random	150754	79471	44
chr22_KI270732v1_random	41543	32942	10
chr22_KI270733v1_random	179772	399467	229
chr22_KI270734v1_random	165050	97980	30
chr22_KI270735v1_random	42811	79044	120
chr22_KI270736v1_random	181920	178973	879
chr22_KI270737v1_random	103838	47088	55
chr22_KI270738v1_random	99375	27416	15
chr22_KI270739v1_random	73985	9824	6
chr2_KI270715v1_random	161471	49596	14
chr2_KI270716v1_random	153799	34074	7
chr3	198295559	45838903	16127
chr3_GL000221v1_random	155397	76237	29
chr4	190214555	44324959	15690
chr4_GL000008v2_random	209709	94751	80
chr5	181538259	42035878	14656
chr5_GL000208v1_random	92689	35203	7
chr6	170805979	37875020	13520
chr7	159345973	36096707	13206
chr8	145138636	32829250	11749
chr9	138394717	28473523	10507
chr9_KI270717v1_random	40062	8987	3
chr9_KI270718v1_random	38054	15034	14
chr9_KI270719v1_random	176845	64117	29
chr9_KI270720v1_random	39050	15521	6
chr1_KI270762v1_alt	354444	79896	40
chr1_KI270766v1_alt	256271	31260	8
chr1_KI270760v1_alt	109528	13253	6
chr1_KI270765v1_alt	185285	29105	14
chr1_GL383518v1_alt	182439	19460	10
chr1_GL383519v1_alt	110268	10438	4
chr1_GL383520v2_alt	366580	42043	15
chr1_KI270764v1_alt	50258	6130	4
chr1_KI270763v1_alt	911658	102809	36
chr1_KI270759v1_alt	425601	51145	16
chr1_KI270761v1_alt	165834	16354	10
chr2_KI270770v1_alt	136240	13185	9
chr2_KI270773v1_alt	70887	8087	1
chr2_KI270774v1_alt	223625	26323	8
chr2_KI270769v1_alt	120616	13242	3
chr2_GL383521v1_alt	143390	16557	5
chr2_KI270772v1_alt	133041	79265	34
chr2_KI270775v1_alt	138019	14577	3
chr2_KI270771v1_alt	110395	12064	6
chr2_KI270768v1_alt	110099	11748	3
chr2_GL582966v2_alt	96131	11021	2
chr2_GL383522v1_alt	123821	16276	8
chr2_KI270776v1_alt	174166	22073	24
chr2_KI270767v1_alt	161578	12946	4
chr3_JH636055v2_alt	173151	20850	9
chr3_KI270783v1_alt	109187	13296	4
chr3_KI270780v1_alt	224108	24889	11
chr3_GL383526v1_alt	180671	20085	8
chr3_KI270777v1_alt	173649	19943	6
chr3_KI270778v1_alt	248252	24392	11
chr3_KI270781v1_alt	113034	14548	4
chr3_KI270779v1_alt	205312	10301	4
chr3_KI270782v1_alt	162429	20791	9
chr3_KI270784v1_alt	184404	23556	10
chr4_KI270790v1_alt	220246	23027	13
chr4_GL383528v1_alt	376187	33555	11
chr4_KI270787v1_alt	111943	14604	5
chr4_GL000257v2_alt	586476	65156	24
chr4_KI270788v1_alt	158965	20070	6
chr4_GL383527v1_alt	164536	19666	12
chr4_KI270785v1_alt	119912	12073	3
chr4_KI270789v1_alt	205944	21030	8
chr4_KI270786v1_alt	244096	14640	5
chr5_KI270793v1_alt	126136	16006	10
chr5_KI270792v1_alt	179043	23453	10
chr5_KI270791v1_alt	195710	24577	10
chr5_GL383532v1_alt	82728	5754	1
chr5_GL949742v1_alt	226852	21527	9
chr5_KI270794v1_alt	164558	16607	9
chr5_GL339449v2_alt	1612928	183318	54
chr5_GL383530v1_alt	101241	13474	8
chr5_KI270796v1_alt	172708	17874	5
chr5_GL383531v1_alt	173459	20598	10
chr5_KI270795v1_alt	131892	13156	7
chr6_GL000250v2_alt	4672374	71275	29
chr6_KI270800v1_alt	175808	18311	4
chr6_KI270799v1_alt	152148	13279	4
chr6_GL383533v1_alt	124736	18332	7
chr6_KI270801v1_alt	870480	98782	36
chr6_KI270802v1_alt	75005	7687	2
chr6_KB021644v2_alt	185823	18950	7
chr6_KI270797v1_alt	197536	22083	4
chr6_KI270798v1_alt	271782	33579	18
chr7_KI270804v1_alt	157952	13664	4
chr7_KI270809v1_alt	209586	23992	11
chr7_KI270806v1_alt	158166	17059	5
chr7_GL383534v2_alt	119183	12331	3
chr7_KI270803v1_alt	1111570	121893	59
chr7_KI270808v1_alt	271455	32915	14
chr7_KI270807v1_alt	126434	14472	9
chr7_KI270805v1_alt	209988	28584	18
chr8_KI270818v1_alt	145606	17619	6
chr8_KI270812v1_alt	282736	33887	17
chr8_KI270811v1_alt	292436	27707	9
chr8_KI270821v1_alt	985506	105165	39
chr8_KI270813v1_alt	300230	60170	22
chr8_KI270822v1_alt	624492	65809	27
chr8_KI270814v1_alt	141812	21947	6
chr8_KI270810v1_alt	374415	41192	15
chr8_KI270819v1_alt	133535	17648	10
chr8_KI270820v1_alt	36640	4674	0
chr8_KI270817v1_alt	158983	17058	9
chr8_KI270816v1_alt	305841	38182	14
chr8_KI270815v1_alt	132244	16615	2
chr9_GL383539v1_alt	162988	16268	10
chr9_GL383540v1_alt	71551	7689	5
chr9_GL383541v1_alt	171286	23946	12
chr9_GL383542v1_alt	60032	6923	0
chr9_KI270823v1_alt	439082	50789	16
chr10_GL383545v1_alt	179254	26136	6
chr10_KI270824v1_alt	181496	31470	12
chr10_GL383546v1_alt	309802	31307	12
chr10_KI270825v1_alt	188315	19976	6
chr11_KI270832v1_alt	210133	27454	9
chr11_KI270830v1_alt	177092	14691	5
chr11_KI270831v1_alt	296895	30650	15
chr11_KI270829v1_alt	204059	20024	6
chr11_GL383547v1_alt	154407	16716	26
chr11_JH159136v1_alt	200998	21662	6
chr11_JH159137v1_alt	191409	24413	8
chr11_KI270827v1_alt	67707	9169	3
chr11_KI270826v1_alt	186169	20829	13
chr12_GL877875v1_alt	167313	23865	9
chr12_GL877876v1_alt	408271	36375	11
chr12_KI270837v1_alt	40090	2939	1
chr12_GL383549v1_alt	120804	13129	4
chr12_KI270835v1_alt	238139	27920	14
chr12_GL383550v2_alt	169178	22185	6
chr12_GL383552v1_alt	138655	13877	6
chr12_GL383553v2_alt	152874	16724	9
chr12_KI270834v1_alt	119498	14506	3
chr12_GL383551v1_alt	184319	21097	7
chr12_KI270833v1_alt	76061	9259	1
chr12_KI270836v1_alt	56134	5053	3
chr13_KI270840v1_alt	191684	19785	11
chr13_KI270839v1_alt	180306	21633	7
chr13_KI270843v1_alt	103832	10981	4
chr13_KI270841v1_alt	169134	18471	3
chr13_KI270838v1_alt	306913	34582	14
chr13_KI270842v1_alt	37287	3159	1
chr14_KI270844v1_alt	322166	37706	16
chr14_KI270847v1_alt	1511111	178477	57
chr14_KI270845v1_alt	180703	20437	9
chr14_KI270846v1_alt	1351393	162448	79
chr15_KI270852v1_alt	478999	26485	12
chr15_KI270851v1_alt	263054	23019	7
chr15_KI270848v1_alt	327382	29787	22
chr15_GL383554v1_alt	296527	26688	5
chr15_KI270849v1_alt	244917	26518	9
chr15_GL383555v2_alt	388773	48979	34
chr15_KI270850v1_alt	430880	60367	15
chr16_KI270854v1_alt	134193	14959	10
chr16_KI270856v1_alt	63982	8751	4
chr16_KI270855v1_alt	232857	27736	3
chr16_KI270853v1_alt	2659700	326289	128
chr16_GL383556v1_alt	192462	20745	10
chr16_GL383557v1_alt	89672	10346	6
chr17_GL383563v3_alt	375691	34169	17
chr17_KI270862v1_alt	391357	42892	26
chr17_KI270861v1_alt	196688	21943	8
chr17_KI270857v1_alt	2877074	335404	149
chr17_JH159146v1_alt	278131	32587	10
chr17_JH159147v1_alt	70345	7127	1
chr17_GL383564v2_alt	133151	15232	8
chr17_GL000258v2_alt	1821992	185725	73
chr17_GL383565v1_alt	223995	26087	6
chr17_KI270858v1_alt	235827	24550	10
chr17_KI270859v1_alt	108763	13841	5
chr17_GL383566v1_alt	90219	9670	5
chr17_KI270860v1_alt	178921	18734	9
chr18_KI270864v1_alt	111737	13903	2
chr18_GL383567v1_alt	289831	32221	9
chr18_GL383570v1_alt	164789	18601	8
chr18_GL383571v1_alt	198278	17421	6
chr18_GL383568v1_alt	104552	13621	1
chr18_GL383569v1_alt	167950	12699	6
chr18_GL383572v1_alt	159547	11747	5
chr18_KI270863v1_alt	167999	20450	10
chr19_KI270868v1_alt	61734	6357	6
chr19_KI270865v1_alt	52969	6462	0
chr19_GL383573v1_alt	385657	36321	15
chr19_GL383575v2_alt	170222	17264	10
chr19_GL383576v1_alt	188024	23414	9
chr19_GL383574v1_alt	155864	18699	8
chr19_KI270866v1_alt	43156	8591	7
chr19_KI270867v1_alt	233762	26902	10
chr19_GL949746v1_alt	987716	28598	8
chr20_GL383577v2_alt	128386	14550	4
chr20_KI270869v1_alt	118774	15827	10
chr20_KI270871v1_alt	58661	8284	5
chr20_KI270870v1_alt	183433	22657	13
chr21_GL383578v2_alt	63917	8327	1
chr21_KI270874v1_alt	166743	20683	2
chr21_KI270873v1_alt	143900	17608	1
chr21_GL383579v2_alt	201197	22135	7
chr21_GL383580v2_alt	74653	9192	1
chr21_GL383581v2_alt	116689	13842	4
chr21_KI270872v1_alt	82692	10438	5
chr22_KI270875v1_alt	259914	30755	18
chr22_KI270878v1_alt	186262	26906	6
chr22_KI270879v1_alt	304135	33769	15
chr22_KI270876v1_alt	263666	30819	15
chr22_KI270877v1_alt	101331	12824	11
chr22_GL383583v2_alt	96924	11721	5
chr22_GL383582v2_alt	162811	14852	4
chrX_KI270880v1_alt	284869	15075	15
chrX_KI270881v1_alt	144206	5777	0
chr19_KI270882v1_alt	248807	1544	2
chr19_KI270883v1_alt	170399	2408	0
chr19_KI270884v1_alt	157053	745	0
chr19_KI270885v1_alt	171027	1041	1
chr19_KI270886v1_alt	204239	632	1
chr19_KI270887v1_alt	209512	2525	1
chr19_KI270888v1_alt	155532	798	1
chr19_KI270889v1_alt	170698	1331	0
chr19_KI270890v1_alt	184499	1916	2
chr19_KI270891v1_alt	170680	1206	2
chr1_KI270892v1_alt	162212	15595	8
chr2_KI270894v1_alt	214158	89676	27
chr2_KI270893v1_alt	161218	12882	2
chr3_KI270895v1_alt	162896	8187	0
chr4_KI270896v1_alt	378547	37048	23
chr5_KI270897v1_alt	1144418	121421	51
chr5_KI270898v1_alt	130957	9141	8
chr6_GL000251v2_alt	4795265	178574	60
chr7_KI270899v1_alt	190869	19888	10
chr8_KI270901v1_alt	136959	17222	6
chr8_KI270900v1_alt	318687	29238	9
chr11_KI270902v1_alt	106711	10312	3
chr11_KI270903v1_alt	214625	20652	8
chr12_KI270904v1_alt	572349	46877	17
chr15_KI270906v1_alt	196384	16885	7
chr15_KI270905v1_alt	5161414	529230	179
chr17_KI270907v1_alt	137721	13164	6
chr17_KI270910v1_alt	157099	12222	4
chr17_KI270909v1_alt	325800	25036	5
chr17_JH159148v1_alt	88070	7486	0
chr17_KI270908v1_alt	1423190	123120	49
chr18_KI270912v1_alt	174061	13155	8
chr18_KI270911v1_alt	157710	14062	7
chr19_GL949747v2_alt	729520	16931	10
chr22_KB663609v1_alt	74013	3596	5
chrX_KI270913v1_alt	274009	18618	25
chr19_KI270914v1_alt	205194	1862	1
chr19_KI270915v1_alt	170665	1187	0
chr19_KI270916v1_alt	184516	1347	1
chr19_KI270917v1_alt	190932	1590	1
chr19_KI270918v1_alt	123111	1101	0
chr19_KI270919v1_alt	170701	1444	0
chr19_KI270920v1_alt	198005	1356	1
chr19_KI270921v1_alt	282224	2084	1
chr19_KI270922v1_alt	187935	1547	0
chr19_KI270923v1_alt	189352	1070	1
chr3_KI270924v1_alt	166540	8749	3
chr4_KI270925v1_alt	555799	52381	19
chr6_GL000252v2_alt	4604811	137055	46
chr8_KI270926v1_alt	229282	20316	12
chr11_KI270927v1_alt	218612	23640	9
chr19_GL949748v2_alt	1064304	7488	4
chr22_KI270928v1_alt	176103	10735	6
chr19_KI270929v1_alt	186203	1200	0
chr19_KI270930v1_alt	200773	1237	0
chr19_KI270931v1_alt	170148	1451	0
chr19_KI270932v1_alt	215732	2136	0
chr19_KI270933v1_alt	170537	1173	1
chr19_GL000209v2_alt	177381	1672	2
chr3_KI270934v1_alt	163458	7136	4
chr6_GL000253v2_alt	4677643	170419	51
chr19_GL949749v2_alt	1091841	8447	2
chr3_KI270935v1_alt	197351	8665	2
chr6_GL000254v2_alt	4827813	128049	40
chr19_GL949750v2_alt	1066390	8271	2
chr3_KI270936v1_alt	164170	7108	4
chr6_GL000255v2_alt	4606388	146132	52
chr19_GL949751v2_alt	1002683	8426	5
chr3_KI270937v1_alt	165607	7430	2
chr6_GL000256v2_alt	4929269	147336	51
chr19_GL949752v1_alt	987100	43146	11
chr6_KI270758v1_alt	76752	974	2
chr19_GL949753v2_alt	796479	16611	6
chr19_KI270938v1_alt	1066800	35898	9
chrM	16569	1692932	600
chrUn_KI270302v1	2274	482	1
chrUn_KI270304v1	2165	209	0
chrUn_KI270303v1	1942	1205	1
chrUn_KI270305v1	1472	722	0
chrUn_KI270322v1	21476	3945	0
chrUn_KI270320v1	4416	7494	0
chrUn_KI270310v1	1201	2598	2
chrUn_KI270316v1	1444	93	0
chrUn_KI270315v1	2276	763	0
chrUn_KI270312v1	998	198	0
chrUn_KI270311v1	12399	1349	0
chrUn_KI270317v1	37690	452	1
chrUn_KI270412v1	1179	549	1
chrUn_KI270411v1	2646	924	0
chrUn_KI270414v1	2489	332	0
chrUn_KI270419v1	1029	502	0
chrUn_KI270418v1	2145	1279	0
chrUn_KI270420v1	2321	1328	1
chrUn_KI270424v1	2140	298	1
chrUn_KI270417v1	2043	605	0
chrUn_KI270422v1	1445	843	1
chrUn_KI270423v1	981	417	0
chrUn_KI270425v1	1884	168	0
chrUn_KI270429v1	1361	330	0
chrUn_KI270442v1	392061	339962	390
chrUn_KI270466v1	1233	48343	18
chrUn_KI270465v1	1774	1837	1
chrUn_KI270467v1	3920	150117	45
chrUn_KI270435v1	92983	50440	64
chrUn_KI270438v1	112505	1457238	426
chrUn_KI270468v1	4055	1752	0
chrUn_KI270510v1	2415	2289	0
chrUn_KI270509v1	2318	2508	0
chrUn_KI270518v1	2186	2459	0
chrUn_KI270508v1	1951	2536	0
chrUn_KI270516v1	1300	1525	0
chrUn_KI270512v1	22689	12401	19
chrUn_KI270519v1	138126	80447	54
chrUn_KI270522v1	5674	1316	0
chrUn_KI270511v1	8127	3688	5
chrUn_KI270515v1	6361	7219	3
chrUn_KI270507v1	5353	4670	1
chrUn_KI270517v1	3253	3765	2
chrUn_KI270529v1	1899	594	0
chrUn_KI270528v1	2983	381	1
chrUn_KI270530v1	2168	228	0
chrUn_KI270539v1	993	97	0
chrUn_KI270538v1	91309	53550	8
chrUn_KI270544v1	1202	2251	3
chrUn_KI270548v1	1599	72	0
chrUn_KI270583v1	1400	1214	1
chrUn_KI270587v1	2969	2424	1
chrUn_KI270580v1	1553	1435	0
chrUn_KI270581v1	7046	2082	0
chrUn_KI270579v1	31033	7318	2
chrUn_KI270589v1	44474	26074	50
chrUn_KI270590v1	4685	7160	0
chrUn_KI270584v1	4513	4343	1
chrUn_KI270582v1	6504	2148	3
chrUn_KI270588v1	6158	4413	2
chrUn_KI270593v1	3041	2054	0
chrUn_KI270591v1	5796	8088	13
chrUn_KI270330v1	1652	4988	1
chrUn_KI270329v1	1040	550	0
chrUn_KI270334v1	1368	794	1
chrUn_KI270333v1	2699	31392	9
chrUn_KI270335v1	1048	255	0
chrUn_KI270338v1	1428	200	0
chrUn_KI270340v1	1428	1685	1
chrUn_KI270336v1	1026	6490	4
chrUn_KI270337v1	1121	39343	13
chrUn_KI270363v1	1803	318	1
chrUn_KI270364v1	2855	483	0
chrUn_KI270362v1	3530	799	0
chrUn_KI270366v1	8320	2067	0
chrUn_KI270378v1	1048	125	0
chrUn_KI270379v1	1045	76	0
chrUn_KI270389v1	1298	368	0
chrUn_KI270390v1	2387	62	0
chrUn_KI270387v1	1537	484	0
chrUn_KI270395v1	1143	834	0
chrUn_KI270396v1	1880	199	0
chrUn_KI270388v1	1216	345	0
chrUn_KI270394v1	970	281	0
chrUn_KI270386v1	1788	209	0
chrUn_KI270391v1	1484	48	0
chrUn_KI270383v1	1750	256	0
chrUn_KI270393v1	1308	62	0
chrUn_KI270384v1	1658	260	0
chrUn_KI270392v1	971	227	1
chrUn_KI270381v1	1930	408	0
chrUn_KI270385v1	990	167	0
chrUn_KI270382v1	4215	319	0
chrUn_KI270376v1	1136	86	0
chrUn_KI270374v1	2656	199	0
chrUn_KI270372v1	1650	116	0
chrUn_KI270373v1	1451	110	0
chrUn_KI270375v1	2378	332	0
chrUn_KI270371v1	2805	171	0
chrUn_KI270448v1	7992	3570	1
chrUn_KI270521v1	7642	1945	0
chrUn_GL000195v1	182896	76265	19
chrUn_GL000219v1	179198	83721	55
chrUn_GL000220v1	161802	463490	219
chrUn_GL000224v1	179693	186592	66
chrUn_KI270741v1	157432	28839	7
chrUn_GL000226v1	15008	220863	4
chrUn_GL000213v1	164239	10336	4
chrUn_KI270743v1	210658	82723	32
chrUn_KI270744v1	168472	163468	65
chrUn_KI270745v1	41891	11812	4
chrUn_KI270746v1	66486	41893	19
chrUn_KI270747v1	198735	32307	7
chrUn_KI270748v1	93321	17682	3
chrUn_KI270749v1	158759	51470	10
chrUn_KI270750v1	148850	60971	13
chrUn_KI270751v1	150742	109700	51
chrUn_KI270752v1	27745	114	33
chrUn_KI270753v1	62944	22732	6
chrUn_KI270754v1	40191	40295	15
chrUn_KI270755v1	36723	1696	0
chrUn_KI270756v1	79590	35603	65
chrUn_KI270757v1	71251	57450	43
chrUn_GL000214v1	137718	120080	59
chrUn_KI270742v1	186739	115321	41
chrUn_GL000216v2	176608	468874	288
chrUn_GL000218v1	161147	52555	15
chrX	156040895	17369065	6684
chrY	57227415	5770580	4034
chrY_KI270740v1_random	37240	4487	2
*	0	0	858222
