chr1	248956422	54546014	18883
chr10	133797422	31364213	11216
chr11	135086622	29900069	10286
chr11_KI270721v1_random	100316	11134	5
chr12	133275309	29887909	10358
chr13	114364328	21799394	7460
chr14	107043718	20051761	7045
chr14_GL000009v2_random	201709	104073	32
chr14_GL000225v1_random	211173	584537	374
chr14_KI270722v1_random	194050	44201	21
chr14_GL000194v1_random	191469	124504	40
chr14_KI270723v1_random	38115	22824	13
chr14_KI270724v1_random	39555	26772	14
chr14_KI270725v1_random	172810	47268	14
chr14_KI270726v1_random	43739	1349	8
chr15	101991189	18114581	6364
chr15_KI270727v1_random	448248	22115	8
chr16	90338345	19945870	6853
chr16_KI270728v1_random	1872759	305280	129
chr17	83257441	18339024	7026
chr17_GL000205v2_random	185591	113459	36
chr17_KI270729v1_random	280839	504149	269
chr17_KI270730v1_random	112551	87985	283
chr18	80373285	18190773	6222
chr19	58617616	13375715	5192
chr1_KI270706v1_random	175055	50219	16
chr1_KI270707v1_random	32032	8265	0
chr1_KI270708v1_random	127682	32595	8
chr1_KI270709v1_random	66860	380808	78
chr1_KI270710v1_random	40176	13795	2
chr1_KI270711v1_random	42210	31155	6
chr1_KI270712v1_random	176043	37928	21
chr1_KI270713v1_random	40745	17829	9
chr1_KI270714v1_random	41717	9557	0
chr2	242193529	55292735	22085
chr20	64444167	15956338	6048
chr21	46709983	10472979	4297
chr22	50818468	9306016	3735
chr22_KI270731v1_random	150754	76582	124
chr22_KI270732v1_random	41543	33580	27
chr22_KI270733v1_random	179772	391538	223
chr22_KI270734v1_random	165050	100358	66
chr22_KI270735v1_random	42811	78917	126
chr22_KI270736v1_random	181920	181283	879
chr22_KI270737v1_random	103838	47625	35
chr22_KI270738v1_random	99375	27326	4
chr22_KI270739v1_random	73985	9655	1
chr2_KI270715v1_random	161471	47946	9
chr2_KI270716v1_random	153799	33338	5
chr3	198295559	45383053	15108
chr3_GL000221v1_random	155397	72724	25
chr4	190214555	43883162	14562
chr4_GL000008v2_random	209709	94224	72
chr5	181538259	41495870	13991
chr5_GL000208v1_random	92689	35867	8
chr6	170805979	37359960	12692
chr7	159345973	35563128	12181
chr8	145138636	32369517	10941
chr9	138394717	27983894	9649
chr9_KI270717v1_random	40062	8525	5
chr9_KI270718v1_random	38054	15252	11
chr9_KI270719v1_random	176845	65172	15
chr9_KI270720v1_random	39050	15179	5
chr1_KI270762v1_alt	354444	77870	42
chr1_KI270766v1_alt	256271	30349	8
chr1_KI270760v1_alt	109528	12554	8
chr1_KI270765v1_alt	185285	28699	15
chr1_GL383518v1_alt	182439	18572	7
chr1_GL383519v1_alt	110268	10014	4
chr1_GL383520v2_alt	366580	41657	19
chr1_KI270764v1_alt	50258	6116	4
chr1_KI270763v1_alt	911658	101655	33
chr1_KI270759v1_alt	425601	50393	20
chr1_KI270761v1_alt	165834	15655	3
chr2_KI270770v1_alt	136240	12788	6
chr2_KI270773v1_alt	70887	7740	8
chr2_KI270774v1_alt	223625	25344	13
chr2_KI270769v1_alt	120616	12802	5
chr2_GL383521v1_alt	143390	16478	4
chr2_KI270772v1_alt	133041	78852	19
chr2_KI270775v1_alt	138019	14446	7
chr2_KI270771v1_alt	110395	11984	5
chr2_KI270768v1_alt	110099	11876	3
chr2_GL582966v2_alt	96131	11029	4
chr2_GL383522v1_alt	123821	16478	8
chr2_KI270776v1_alt	174166	20830	23
chr2_KI270767v1_alt	161578	12959	2
chr3_JH636055v2_alt	173151	20502	6
chr3_KI270783v1_alt	109187	12928	4
chr3_KI270780v1_alt	224108	23807	12
chr3_GL383526v1_alt	180671	19579	3
chr3_KI270777v1_alt	173649	19414	2
chr3_KI270778v1_alt	248252	24553	7
chr3_KI270781v1_alt	113034	14494	3
chr3_KI270779v1_alt	205312	10615	4
chr3_KI270782v1_alt	162429	20263	10
chr3_KI270784v1_alt	184404	23170	6
chr4_KI270790v1_alt	220246	22264	10
chr4_GL383528v1_alt	376187	33625	4
chr4_KI270787v1_alt	111943	14319	6
chr4_GL000257v2_alt	586476	65001	12
chr4_KI270788v1_alt	158965	19875	1
chr4_GL383527v1_alt	164536	19297	2
chr4_KI270785v1_alt	119912	12137	8
chr4_KI270789v1_alt	205944	20768	5
chr4_KI270786v1_alt	244096	14119	4
chr5_KI270793v1_alt	126136	15358	8
chr5_KI270792v1_alt	179043	22302	9
chr5_KI270791v1_alt	195710	23563	7
chr5_GL383532v1_alt	82728	5823	1
chr5_GL949742v1_alt	226852	21659	12
chr5_KI270794v1_alt	164558	16478	13
chr5_GL339449v2_alt	1612928	179954	52
chr5_GL383530v1_alt	101241	13678	2
chr5_KI270796v1_alt	172708	17754	7
chr5_GL383531v1_alt	173459	20088	2
chr5_KI270795v1_alt	131892	12238	6
chr6_GL000250v2_alt	4672374	68703	30
chr6_KI270800v1_alt	175808	18734	7
chr6_KI270799v1_alt	152148	13402	3
chr6_GL383533v1_alt	124736	17724	3
chr6_KI270801v1_alt	870480	97515	34
chr6_KI270802v1_alt	75005	7620	7
chr6_KB021644v2_alt	185823	18421	10
chr6_KI270797v1_alt	197536	21034	7
chr6_KI270798v1_alt	271782	32464	9
chr7_KI270804v1_alt	157952	12960	1
chr7_KI270809v1_alt	209586	23346	9
chr7_KI270806v1_alt	158166	17303	3
chr7_GL383534v2_alt	119183	12153	6
chr7_KI270803v1_alt	1111570	119331	36
chr7_KI270808v1_alt	271455	32125	10
chr7_KI270807v1_alt	126434	14417	3
chr7_KI270805v1_alt	209988	27227	21
chr8_KI270818v1_alt	145606	16949	4
chr8_KI270812v1_alt	282736	32515	12
chr8_KI270811v1_alt	292436	26877	11
chr8_KI270821v1_alt	985506	103880	44
chr8_KI270813v1_alt	300230	60328	19
chr8_KI270822v1_alt	624492	64571	29
chr8_KI270814v1_alt	141812	22076	9
chr8_KI270810v1_alt	374415	41629	11
chr8_KI270819v1_alt	133535	17172	6
chr8_KI270820v1_alt	36640	4684	3
chr8_KI270817v1_alt	158983	16107	3
chr8_KI270816v1_alt	305841	36287	16
chr8_KI270815v1_alt	132244	16024	3
chr9_GL383539v1_alt	162988	16029	5
chr9_GL383540v1_alt	71551	7583	2
chr9_GL383541v1_alt	171286	24290	5
chr9_GL383542v1_alt	60032	6844	1
chr9_KI270823v1_alt	439082	50309	16
chr10_GL383545v1_alt	179254	25226	10
chr10_KI270824v1_alt	181496	31677	20
chr10_GL383546v1_alt	309802	30326	5
chr10_KI270825v1_alt	188315	19770	5
chr11_KI270832v1_alt	210133	26142	11
chr11_KI270830v1_alt	177092	13998	15
chr11_KI270831v1_alt	296895	29222	6
chr11_KI270829v1_alt	204059	20277	7
chr11_GL383547v1_alt	154407	16876	21
chr11_JH159136v1_alt	200998	21788	3
chr11_JH159137v1_alt	191409	24460	7
chr11_KI270827v1_alt	67707	9334	3
chr11_KI270826v1_alt	186169	20158	5
chr12_GL877875v1_alt	167313	23814	7
chr12_GL877876v1_alt	408271	35435	16
chr12_KI270837v1_alt	40090	2966	0
chr12_GL383549v1_alt	120804	12709	5
chr12_KI270835v1_alt	238139	27760	18
chr12_GL383550v2_alt	169178	21644	3
chr12_GL383552v1_alt	138655	13914	3
chr12_GL383553v2_alt	152874	15897	9
chr12_KI270834v1_alt	119498	13903	12
chr12_GL383551v1_alt	184319	20887	6
chr12_KI270833v1_alt	76061	8899	6
chr12_KI270836v1_alt	56134	4837	1
chr13_KI270840v1_alt	191684	19999	10
chr13_KI270839v1_alt	180306	21859	7
chr13_KI270843v1_alt	103832	11082	3
chr13_KI270841v1_alt	169134	18418	6
chr13_KI270838v1_alt	306913	33189	9
chr13_KI270842v1_alt	37287	2786	0
chr14_KI270844v1_alt	322166	36973	15
chr14_KI270847v1_alt	1511111	172656	65
chr14_KI270845v1_alt	180703	20302	11
chr14_KI270846v1_alt	1351393	156445	98
chr15_KI270852v1_alt	478999	25972	13
chr15_KI270851v1_alt	263054	22916	4
chr15_KI270848v1_alt	327382	28713	12
chr15_GL383554v1_alt	296527	26155	7
chr15_KI270849v1_alt	244917	25491	14
chr15_GL383555v2_alt	388773	48585	31
chr15_KI270850v1_alt	430880	59549	30
chr16_KI270854v1_alt	134193	14246	4
chr16_KI270856v1_alt	63982	8417	2
chr16_KI270855v1_alt	232857	27002	12
chr16_KI270853v1_alt	2659700	317982	147
chr16_GL383556v1_alt	192462	20222	6
chr16_GL383557v1_alt	89672	10004	4
chr17_GL383563v3_alt	375691	33582	15
chr17_KI270862v1_alt	391357	40018	18
chr17_KI270861v1_alt	196688	21548	9
chr17_KI270857v1_alt	2877074	328739	106
chr17_JH159146v1_alt	278131	32315	13
chr17_JH159147v1_alt	70345	6462	0
chr17_GL383564v2_alt	133151	14843	5
chr17_GL000258v2_alt	1821992	181551	71
chr17_GL383565v1_alt	223995	25961	11
chr17_KI270858v1_alt	235827	24164	7
chr17_KI270859v1_alt	108763	13750	5
chr17_GL383566v1_alt	90219	9335	2
chr17_KI270860v1_alt	178921	18369	10
chr18_KI270864v1_alt	111737	13422	8
chr18_GL383567v1_alt	289831	31787	18
chr18_GL383570v1_alt	164789	18494	3
chr18_GL383571v1_alt	198278	17622	6
chr18_GL383568v1_alt	104552	13282	1
chr18_GL383569v1_alt	167950	11927	10
chr18_GL383572v1_alt	159547	11102	6
chr18_KI270863v1_alt	167999	19368	7
chr19_KI270868v1_alt	61734	5548	6
chr19_KI270865v1_alt	52969	6242	4
chr19_GL383573v1_alt	385657	35673	12
chr19_GL383575v2_alt	170222	16816	13
chr19_GL383576v1_alt	188024	23183	11
chr19_GL383574v1_alt	155864	17632	6
chr19_KI270866v1_alt	43156	8382	2
chr19_KI270867v1_alt	233762	26549	17
chr19_GL949746v1_alt	987716	27914	8
chr20_GL383577v2_alt	128386	14313	6
chr20_KI270869v1_alt	118774	14847	5
chr20_KI270871v1_alt	58661	7475	6
chr20_KI270870v1_alt	183433	22801	15
chr21_GL383578v2_alt	63917	8624	3
chr21_KI270874v1_alt	166743	20368	9
chr21_KI270873v1_alt	143900	17168	4
chr21_GL383579v2_alt	201197	22668	4
chr21_GL383580v2_alt	74653	9157	3
chr21_GL383581v2_alt	116689	13206	1
chr21_KI270872v1_alt	82692	10039	6
chr22_KI270875v1_alt	259914	30011	16
chr22_KI270878v1_alt	186262	26183	8
chr22_KI270879v1_alt	304135	32658	13
chr22_KI270876v1_alt	263666	30496	13
chr22_KI270877v1_alt	101331	12509	4
chr22_GL383583v2_alt	96924	11292	3
chr22_GL383582v2_alt	162811	14044	3
chrX_KI270880v1_alt	284869	14469	22
chrX_KI270881v1_alt	144206	6097	4
chr19_KI270882v1_alt	248807	1389	1
chr19_KI270883v1_alt	170399	2212	1
chr19_KI270884v1_alt	157053	727	0
chr19_KI270885v1_alt	171027	1072	0
chr19_KI270886v1_alt	204239	640	0
chr19_KI270887v1_alt	209512	2488	1
chr19_KI270888v1_alt	155532	790	1
chr19_KI270889v1_alt	170698	1233	1
chr19_KI270890v1_alt	184499	1772	0
chr19_KI270891v1_alt	170680	1271	2
chr1_KI270892v1_alt	162212	15132	7
chr2_KI270894v1_alt	214158	89537	34
chr2_KI270893v1_alt	161218	12758	2
chr3_KI270895v1_alt	162896	7751	2
chr4_KI270896v1_alt	378547	35673	11
chr5_KI270897v1_alt	1144418	118668	44
chr5_KI270898v1_alt	130957	8965	4
chr6_GL000251v2_alt	4795265	173492	48
chr7_KI270899v1_alt	190869	19021	10
chr8_KI270901v1_alt	136959	16668	5
chr8_KI270900v1_alt	318687	28947	17
chr11_KI270902v1_alt	106711	10150	6
chr11_KI270903v1_alt	214625	20029	5
chr12_KI270904v1_alt	572349	45977	21
chr15_KI270906v1_alt	196384	16858	6
chr15_KI270905v1_alt	5161414	519444	156
chr17_KI270907v1_alt	137721	12887	9
chr17_KI270910v1_alt	157099	11507	7
chr17_KI270909v1_alt	325800	24737	5
chr17_JH159148v1_alt	88070	7456	4
chr17_KI270908v1_alt	1423190	119806	46
chr18_KI270912v1_alt	174061	12728	8
chr18_KI270911v1_alt	157710	13564	8
chr19_GL949747v2_alt	729520	16721	3
chr22_KB663609v1_alt	74013	3540	5
chrX_KI270913v1_alt	274009	17829	20
chr19_KI270914v1_alt	205194	1842	1
chr19_KI270915v1_alt	170665	1218	1
chr19_KI270916v1_alt	184516	1204	1
chr19_KI270917v1_alt	190932	1509	1
chr19_KI270918v1_alt	123111	962	0
chr19_KI270919v1_alt	170701	1397	0
chr19_KI270920v1_alt	198005	1218	0
chr19_KI270921v1_alt	282224	1988	2
chr19_KI270922v1_alt	187935	1571	0
chr19_KI270923v1_alt	189352	1157	1
chr3_KI270924v1_alt	166540	8291	3
chr4_KI270925v1_alt	555799	50132	16
chr6_GL000252v2_alt	4604811	133941	53
chr8_KI270926v1_alt	229282	19903	6
chr11_KI270927v1_alt	218612	22802	12
chr19_GL949748v2_alt	1064304	7253	5
chr22_KI270928v1_alt	176103	10556	8
chr19_KI270929v1_alt	186203	1261	0
chr19_KI270930v1_alt	200773	1069	1
chr19_KI270931v1_alt	170148	1401	1
chr19_KI270932v1_alt	215732	2032	1
chr19_KI270933v1_alt	170537	1177	0
chr19_GL000209v2_alt	177381	1745	0
chr3_KI270934v1_alt	163458	7217	2
chr6_GL000253v2_alt	4677643	165650	61
chr19_GL949749v2_alt	1091841	8036	4
chr3_KI270935v1_alt	197351	8670	6
chr6_GL000254v2_alt	4827813	125564	62
chr19_GL949750v2_alt	1066390	7918	2
chr3_KI270936v1_alt	164170	7008	2
chr6_GL000255v2_alt	4606388	142587	61
chr19_GL949751v2_alt	1002683	7853	1
chr3_KI270937v1_alt	165607	7260	4
chr6_GL000256v2_alt	4929269	143211	52
chr19_GL949752v1_alt	987100	41953	8
chr6_KI270758v1_alt	76752	1041	1
chr19_GL949753v2_alt	796479	16078	4
chr19_KI270938v1_alt	1066800	34536	7
chrM	16569	1375276	528
chrUn_KI270302v1	2274	483	0
chrUn_KI270304v1	2165	163	0
chrUn_KI270303v1	1942	1126	0
chrUn_KI270305v1	1472	696	0
chrUn_KI270322v1	21476	4112	0
chrUn_KI270320v1	4416	7324	0
chrUn_KI270310v1	1201	2580	0
chrUn_KI270316v1	1444	106	0
chrUn_KI270315v1	2276	785	0
chrUn_KI270312v1	998	243	0
chrUn_KI270311v1	12399	1367	0
chrUn_KI270317v1	37690	387	0
chrUn_KI270412v1	1179	574	0
chrUn_KI270411v1	2646	940	1
chrUn_KI270414v1	2489	351	0
chrUn_KI270419v1	1029	555	0
chrUn_KI270418v1	2145	1393	0
chrUn_KI270420v1	2321	1461	1
chrUn_KI270424v1	2140	247	0
chrUn_KI270417v1	2043	618	0
chrUn_KI270422v1	1445	803	0
chrUn_KI270423v1	981	467	0
chrUn_KI270425v1	1884	222	0
chrUn_KI270429v1	1361	285	0
chrUn_KI270442v1	392061	338834	411
chrUn_KI270466v1	1233	54048	12
chrUn_KI270465v1	1774	1831	0
chrUn_KI270467v1	3920	169927	49
chrUn_KI270435v1	92983	51527	51
chrUn_KI270438v1	112505	1463274	438
chrUn_KI270468v1	4055	1837	2
chrUn_KI270510v1	2415	2333	1
chrUn_KI270509v1	2318	2568	1
chrUn_KI270518v1	2186	2395	3
chrUn_KI270508v1	1951	2687	2
chrUn_KI270516v1	1300	1503	0
chrUn_KI270512v1	22689	12325	15
chrUn_KI270519v1	138126	80756	51
chrUn_KI270522v1	5674	1258	0
chrUn_KI270511v1	8127	3568	1
chrUn_KI270515v1	6361	7161	2
chrUn_KI270507v1	5353	4701	3
chrUn_KI270517v1	3253	3818	1
chrUn_KI270529v1	1899	724	0
chrUn_KI270528v1	2983	377	0
chrUn_KI270530v1	2168	192	0
chrUn_KI270539v1	993	95	0
chrUn_KI270538v1	91309	52844	11
chrUn_KI270544v1	1202	2298	0
chrUn_KI270548v1	1599	94	0
chrUn_KI270583v1	1400	1364	1
chrUn_KI270587v1	2969	2468	2
chrUn_KI270580v1	1553	1430	2
chrUn_KI270581v1	7046	1926	0
chrUn_KI270579v1	31033	7229	2
chrUn_KI270589v1	44474	25669	45
chrUn_KI270590v1	4685	7161	5
chrUn_KI270584v1	4513	4282	1
chrUn_KI270582v1	6504	2130	1
chrUn_KI270588v1	6158	4449	5
chrUn_KI270593v1	3041	1984	1
chrUn_KI270591v1	5796	8181	7
chrUn_KI270330v1	1652	4793	0
chrUn_KI270329v1	1040	619	0
chrUn_KI270334v1	1368	742	0
chrUn_KI270333v1	2699	34387	9
chrUn_KI270335v1	1048	297	0
chrUn_KI270338v1	1428	219	0
chrUn_KI270340v1	1428	1747	0
chrUn_KI270336v1	1026	7432	7
chrUn_KI270337v1	1121	42314	7
chrUn_KI270363v1	1803	354	0
chrUn_KI270364v1	2855	496	1
chrUn_KI270362v1	3530	783	0
chrUn_KI270366v1	8320	1956	2
chrUn_KI270378v1	1048	142	0
chrUn_KI270379v1	1045	65	0
chrUn_KI270389v1	1298	366	0
chrUn_KI270390v1	2387	56	0
chrUn_KI270387v1	1537	482	0
chrUn_KI270395v1	1143	794	0
chrUn_KI270396v1	1880	210	0
chrUn_KI270388v1	1216	399	0
chrUn_KI270394v1	970	301	0
chrUn_KI270386v1	1788	211	0
chrUn_KI270391v1	1484	64	0
chrUn_KI270383v1	1750	207	0
chrUn_KI270393v1	1308	56	0
chrUn_KI270384v1	1658	215	0
chrUn_KI270392v1	971	205	0
chrUn_KI270381v1	1930	441	1
chrUn_KI270385v1	990	141	0
chrUn_KI270382v1	4215	382	0
chrUn_KI270376v1	1136	81	1
chrUn_KI270374v1	2656	169	2
chrUn_KI270372v1	1650	137	0
chrUn_KI270373v1	1451	122	0
chrUn_KI270375v1	2378	272	0
chrUn_KI270371v1	2805	172	0
chrUn_KI270448v1	7992	3340	3
chrUn_KI270521v1	7642	2034	0
chrUn_GL000195v1	182896	72480	19
chrUn_GL000219v1	179198	81200	39
chrUn_GL000220v1	161802	465861	222
chrUn_GL000224v1	179693	183295	70
chrUn_KI270741v1	157432	28333	19
chrUn_GL000226v1	15008	219174	11
chrUn_GL000213v1	164239	9687	3
chrUn_KI270743v1	210658	80814	27
chrUn_KI270744v1	168472	162688	57
chrUn_KI270745v1	41891	11597	3
chrUn_KI270746v1	66486	41819	17
chrUn_KI270747v1	198735	32139	12
chrUn_KI270748v1	93321	17009	3
chrUn_KI270749v1	158759	51898	14
chrUn_KI270750v1	148850	59799	24
chrUn_KI270751v1	150742	105534	49
chrUn_KI270752v1	27745	57	26
chrUn_KI270753v1	62944	22555	7
chrUn_KI270754v1	40191	40662	13
chrUn_KI270755v1	36723	1626	0
chrUn_KI270756v1	79590	35154	71
chrUn_KI270757v1	71251	57324	51
chrUn_GL000214v1	137718	116324	40
chrUn_KI270742v1	186739	111703	25
chrUn_GL000216v2	176608	463883	276
chrUn_GL000218v1	161147	51093	20
chrX	156040895	17170295	6292
chrY	57227415	5715241	3942
chrY_KI270740v1_random	37240	4162	2
*	0	0	745050
