chr1	248956422	52678706	20690
chr10	133797422	30296246	12440
chr11	135086622	28884340	11552
chr11_KI270721v1_random	100316	10792	2
chr12	133275309	28892665	11616
chr13	114364328	20936194	8305
chr14	107043718	19368479	7856
chr14_GL000009v2_random	201709	99059	34
chr14_GL000225v1_random	211173	557631	359
chr14_KI270722v1_random	194050	42345	30
chr14_GL000194v1_random	191469	120381	42
chr14_KI270723v1_random	38115	21813	9
chr14_KI270724v1_random	39555	25187	16
chr14_KI270725v1_random	172810	44616	21
chr14_KI270726v1_random	43739	1525	13
chr15	101991189	17534007	7198
chr15_KI270727v1_random	448248	20854	9
chr16	90338345	19286520	7673
chr16_KI270728v1_random	1872759	293056	114
chr17	83257441	17900136	7647
chr17_GL000205v2_random	185591	111641	57
chr17_KI270729v1_random	280839	474197	287
chr17_KI270730v1_random	112551	80184	289
chr18	80373285	17515218	6909
chr19	58617616	13068628	5886
chr1_KI270706v1_random	175055	47548	21
chr1_KI270707v1_random	32032	7617	3
chr1_KI270708v1_random	127682	31218	6
chr1_KI270709v1_random	66860	352423	84
chr1_KI270710v1_random	40176	12741	8
chr1_KI270711v1_random	42210	30045	9
chr1_KI270712v1_random	176043	36660	20
chr1_KI270713v1_random	40745	17619	4
chr1_KI270714v1_random	41717	9271	5
chr2	242193529	53342676	24654
chr20	64444167	15440882	6496
chr21	46709983	10086673	4629
chr22	50818468	9068266	3949
chr22_KI270731v1_random	150754	74999	48
chr22_KI270732v1_random	41543	32072	18
chr22_KI270733v1_random	179772	386020	224
chr22_KI270734v1_random	165050	93538	53
chr22_KI270735v1_random	42811	73068	138
chr22_KI270736v1_random	181920	165074	798
chr22_KI270737v1_random	103838	44940	44
chr22_KI270738v1_random	99375	25325	14
chr22_KI270739v1_random	73985	8953	2
chr2_KI270715v1_random	161471	46314	9
chr2_KI270716v1_random	153799	31905	10
chr3	198295559	43321287	17266
chr3_GL000221v1_random	155397	72021	29
chr4	190214555	42117913	16267
chr4_GL000008v2_random	209709	89140	69
chr5	181538259	39927281	15520
chr5_GL000208v1_random	92689	33251	7
chr6	170805979	36019405	14264
chr7	159345973	34336205	13623
chr8	145138636	31205960	12619
chr9	138394717	27042298	11000
chr9_KI270717v1_random	40062	8464	3
chr9_KI270718v1_random	38054	14179	6
chr9_KI270719v1_random	176845	61985	21
chr9_KI270720v1_random	39050	14587	8
chr1_KI270762v1_alt	354444	72998	44
chr1_KI270766v1_alt	256271	29339	15
chr1_KI270760v1_alt	109528	12160	8
chr1_KI270765v1_alt	185285	28026	11
chr1_GL383518v1_alt	182439	18614	4
chr1_GL383519v1_alt	110268	10324	3
chr1_GL383520v2_alt	366580	39562	15
chr1_KI270764v1_alt	50258	5470	2
chr1_KI270763v1_alt	911658	98285	26
chr1_KI270759v1_alt	425601	48672	25
chr1_KI270761v1_alt	165834	15371	8
chr2_KI270770v1_alt	136240	12359	7
chr2_KI270773v1_alt	70887	7403	10
chr2_KI270774v1_alt	223625	24807	20
chr2_KI270769v1_alt	120616	12361	7
chr2_GL383521v1_alt	143390	16106	11
chr2_KI270772v1_alt	133041	75333	32
chr2_KI270775v1_alt	138019	13899	3
chr2_KI270771v1_alt	110395	11316	3
chr2_KI270768v1_alt	110099	11734	8
chr2_GL582966v2_alt	96131	10575	7
chr2_GL383522v1_alt	123821	15974	1
chr2_KI270776v1_alt	174166	20272	18
chr2_KI270767v1_alt	161578	12487	8
chr3_JH636055v2_alt	173151	19678	4
chr3_KI270783v1_alt	109187	12407	4
chr3_KI270780v1_alt	224108	23882	6
chr3_GL383526v1_alt	180671	19526	7
chr3_KI270777v1_alt	173649	19021	6
chr3_KI270778v1_alt	248252	23354	11
chr3_KI270781v1_alt	113034	14219	7
chr3_KI270779v1_alt	205312	9911	5
chr3_KI270782v1_alt	162429	19531	6
chr3_KI270784v1_alt	184404	22661	6
chr4_KI270790v1_alt	220246	22145	6
chr4_GL383528v1_alt	376187	31768	10
chr4_KI270787v1_alt	111943	13521	7
chr4_GL000257v2_alt	586476	62503	21
chr4_KI270788v1_alt	158965	18825	6
chr4_GL383527v1_alt	164536	18601	6
chr4_KI270785v1_alt	119912	11604	9
chr4_KI270789v1_alt	205944	20127	9
chr4_KI270786v1_alt	244096	13773	5
chr5_KI270793v1_alt	126136	15573	10
chr5_KI270792v1_alt	179043	21870	15
chr5_KI270791v1_alt	195710	22853	4
chr5_GL383532v1_alt	82728	5290	2
chr5_GL949742v1_alt	226852	20358	10
chr5_KI270794v1_alt	164558	16105	5
chr5_GL339449v2_alt	1612928	175586	72
chr5_GL383530v1_alt	101241	12543	2
chr5_KI270796v1_alt	172708	16602	3
chr5_GL383531v1_alt	173459	19416	8
chr5_KI270795v1_alt	131892	12168	9
chr6_GL000250v2_alt	4672374	66389	20
chr6_KI270800v1_alt	175808	17874	4
chr6_KI270799v1_alt	152148	12234	5
chr6_GL383533v1_alt	124736	17341	8
chr6_KI270801v1_alt	870480	94127	35
chr6_KI270802v1_alt	75005	7317	5
chr6_KB021644v2_alt	185823	17759	6
chr6_KI270797v1_alt	197536	20718	4
chr6_KI270798v1_alt	271782	31400	18
chr7_KI270804v1_alt	157952	12933	8
chr7_KI270809v1_alt	209586	22766	13
chr7_KI270806v1_alt	158166	16600	5
chr7_GL383534v2_alt	119183	11691	3
chr7_KI270803v1_alt	1111570	116214	44
chr7_KI270808v1_alt	271455	30776	11
chr7_KI270807v1_alt	126434	13843	6
chr7_KI270805v1_alt	209988	26915	17
chr8_KI270818v1_alt	145606	15996	6
chr8_KI270812v1_alt	282736	31553	16
chr8_KI270811v1_alt	292436	26310	21
chr8_KI270821v1_alt	985506	99896	46
chr8_KI270813v1_alt	300230	58078	20
chr8_KI270822v1_alt	624492	61801	15
chr8_KI270814v1_alt	141812	21183	5
chr8_KI270810v1_alt	374415	39268	13
chr8_KI270819v1_alt	133535	16216	10
chr8_KI270820v1_alt	36640	4406	2
chr8_KI270817v1_alt	158983	16340	3
chr8_KI270816v1_alt	305841	36214	13
chr8_KI270815v1_alt	132244	15886	4
chr9_GL383539v1_alt	162988	15280	6
chr9_GL383540v1_alt	71551	7241	3
chr9_GL383541v1_alt	171286	22695	8
chr9_GL383542v1_alt	60032	6799	3
chr9_KI270823v1_alt	439082	47673	18
chr10_GL383545v1_alt	179254	24873	5
chr10_KI270824v1_alt	181496	30189	6
chr10_GL383546v1_alt	309802	29374	13
chr10_KI270825v1_alt	188315	19575	10
chr11_KI270832v1_alt	210133	25961	13
chr11_KI270830v1_alt	177092	13960	6
chr11_KI270831v1_alt	296895	28579	18
chr11_KI270829v1_alt	204059	18952	4
chr11_GL383547v1_alt	154407	16165	23
chr11_JH159136v1_alt	200998	20903	3
chr11_JH159137v1_alt	191409	23393	13
chr11_KI270827v1_alt	67707	9004	7
chr11_KI270826v1_alt	186169	19713	8
chr12_GL877875v1_alt	167313	23064	9
chr12_GL877876v1_alt	408271	34640	14
chr12_KI270837v1_alt	40090	2895	0
chr12_GL383549v1_alt	120804	12520	10
chr12_KI270835v1_alt	238139	27331	10
chr12_GL383550v2_alt	169178	21521	7
chr12_GL383552v1_alt	138655	12839	6
chr12_GL383553v2_alt	152874	15873	5
chr12_KI270834v1_alt	119498	13431	11
chr12_GL383551v1_alt	184319	19872	4
chr12_KI270833v1_alt	76061	8421	3
chr12_KI270836v1_alt	56134	4722	4
chr13_KI270840v1_alt	191684	18248	23
chr13_KI270839v1_alt	180306	20707	5
chr13_KI270843v1_alt	103832	10699	2
chr13_KI270841v1_alt	169134	17690	2
chr13_KI270838v1_alt	306913	32006	19
chr13_KI270842v1_alt	37287	2854	2
chr14_KI270844v1_alt	322166	35613	20
chr14_KI270847v1_alt	1511111	167482	57
chr14_KI270845v1_alt	180703	18755	8
chr14_KI270846v1_alt	1351393	151321	99
chr15_KI270852v1_alt	478999	24598	14
chr15_KI270851v1_alt	263054	21660	10
chr15_KI270848v1_alt	327382	27684	19
chr15_GL383554v1_alt	296527	25699	10
chr15_KI270849v1_alt	244917	25103	14
chr15_GL383555v2_alt	388773	46893	22
chr15_KI270850v1_alt	430880	56966	13
chr16_KI270854v1_alt	134193	14406	6
chr16_KI270856v1_alt	63982	8220	3
chr16_KI270855v1_alt	232857	26865	3
chr16_KI270853v1_alt	2659700	310246	150
chr16_GL383556v1_alt	192462	19712	14
chr16_GL383557v1_alt	89672	10027	1
chr17_GL383563v3_alt	375691	32632	16
chr17_KI270862v1_alt	391357	40884	19
chr17_KI270861v1_alt	196688	21576	9
chr17_KI270857v1_alt	2877074	318236	125
chr17_JH159146v1_alt	278131	31264	13
chr17_JH159147v1_alt	70345	6614	3
chr17_GL383564v2_alt	133151	14699	4
chr17_GL000258v2_alt	1821992	177389	67
chr17_GL383565v1_alt	223995	24707	13
chr17_KI270858v1_alt	235827	23154	4
chr17_KI270859v1_alt	108763	13387	5
chr17_GL383566v1_alt	90219	9164	5
chr17_KI270860v1_alt	178921	17738	10
chr18_KI270864v1_alt	111737	13285	5
chr18_GL383567v1_alt	289831	31185	12
chr18_GL383570v1_alt	164789	17603	11
chr18_GL383571v1_alt	198278	16492	6
chr18_GL383568v1_alt	104552	12929	11
chr18_GL383569v1_alt	167950	11647	7
chr18_GL383572v1_alt	159547	10692	3
chr18_KI270863v1_alt	167999	19205	8
chr19_KI270868v1_alt	61734	5814	6
chr19_KI270865v1_alt	52969	6295	0
chr19_GL383573v1_alt	385657	33873	15
chr19_GL383575v2_alt	170222	16112	10
chr19_GL383576v1_alt	188024	22165	7
chr19_GL383574v1_alt	155864	18049	2
chr19_KI270866v1_alt	43156	8445	3
chr19_KI270867v1_alt	233762	25683	9
chr19_GL949746v1_alt	987716	27010	12
chr20_GL383577v2_alt	128386	13988	4
chr20_KI270869v1_alt	118774	14501	11
chr20_KI270871v1_alt	58661	7535	5
chr20_KI270870v1_alt	183433	21960	13
chr21_GL383578v2_alt	63917	7856	2
chr21_KI270874v1_alt	166743	20025	6
chr21_KI270873v1_alt	143900	16762	7
chr21_GL383579v2_alt	201197	21769	8
chr21_GL383580v2_alt	74653	8797	3
chr21_GL383581v2_alt	116689	13785	2
chr21_KI270872v1_alt	82692	9917	9
chr22_KI270875v1_alt	259914	29316	14
chr22_KI270878v1_alt	186262	26042	10
chr22_KI270879v1_alt	304135	31661	24
chr22_KI270876v1_alt	263666	29628	13
chr22_KI270877v1_alt	101331	12211	7
chr22_GL383583v2_alt	96924	10889	2
chr22_GL383582v2_alt	162811	13886	5
chrX_KI270880v1_alt	284869	14260	14
chrX_KI270881v1_alt	144206	5660	2
chr19_KI270882v1_alt	248807	1418	0
chr19_KI270883v1_alt	170399	2109	1
chr19_KI270884v1_alt	157053	641	0
chr19_KI270885v1_alt	171027	989	1
chr19_KI270886v1_alt	204239	655	0
chr19_KI270887v1_alt	209512	2385	1
chr19_KI270888v1_alt	155532	707	0
chr19_KI270889v1_alt	170698	1212	1
chr19_KI270890v1_alt	184499	1728	1
chr19_KI270891v1_alt	170680	1164	0
chr1_KI270892v1_alt	162212	14794	8
chr2_KI270894v1_alt	214158	85418	33
chr2_KI270893v1_alt	161218	12241	3
chr3_KI270895v1_alt	162896	7806	2
chr4_KI270896v1_alt	378547	35195	16
chr5_KI270897v1_alt	1144418	116182	40
chr5_KI270898v1_alt	130957	8429	1
chr6_GL000251v2_alt	4795265	169383	76
chr7_KI270899v1_alt	190869	18612	9
chr8_KI270901v1_alt	136959	16376	5
chr8_KI270900v1_alt	318687	27653	13
chr11_KI270902v1_alt	106711	9534	4
chr11_KI270903v1_alt	214625	19123	4
chr12_KI270904v1_alt	572349	44126	26
chr15_KI270906v1_alt	196384	16446	7
chr15_KI270905v1_alt	5161414	504139	223
chr17_KI270907v1_alt	137721	12073	2
chr17_KI270910v1_alt	157099	11457	7
chr17_KI270909v1_alt	325800	24347	5
chr17_JH159148v1_alt	88070	7331	2
chr17_KI270908v1_alt	1423190	116941	53
chr18_KI270912v1_alt	174061	12078	4
chr18_KI270911v1_alt	157710	13056	8
chr19_GL949747v2_alt	729520	16094	6
chr22_KB663609v1_alt	74013	3413	1
chrX_KI270913v1_alt	274009	17978	23
chr19_KI270914v1_alt	205194	1722	0
chr19_KI270915v1_alt	170665	1267	1
chr19_KI270916v1_alt	184516	1349	0
chr19_KI270917v1_alt	190932	1554	1
chr19_KI270918v1_alt	123111	1010	0
chr19_KI270919v1_alt	170701	1290	1
chr19_KI270920v1_alt	198005	1203	0
chr19_KI270921v1_alt	282224	1934	1
chr19_KI270922v1_alt	187935	1543	0
chr19_KI270923v1_alt	189352	1170	1
chr3_KI270924v1_alt	166540	8252	2
chr4_KI270925v1_alt	555799	49761	21
chr6_GL000252v2_alt	4604811	130429	38
chr8_KI270926v1_alt	229282	19402	13
chr11_KI270927v1_alt	218612	21806	12
chr19_GL949748v2_alt	1064304	7240	1
chr22_KI270928v1_alt	176103	10207	5
chr19_KI270929v1_alt	186203	1268	0
chr19_KI270930v1_alt	200773	1142	0
chr19_KI270931v1_alt	170148	1342	1
chr19_KI270932v1_alt	215732	1952	0
chr19_KI270933v1_alt	170537	1124	0
chr19_GL000209v2_alt	177381	1547	0
chr3_KI270934v1_alt	163458	7063	5
chr6_GL000253v2_alt	4677643	162575	49
chr19_GL949749v2_alt	1091841	7756	4
chr3_KI270935v1_alt	197351	8351	3
chr6_GL000254v2_alt	4827813	122864	51
chr19_GL949750v2_alt	1066390	7760	4
chr3_KI270936v1_alt	164170	6582	3
chr6_GL000255v2_alt	4606388	138690	60
chr19_GL949751v2_alt	1002683	8121	4
chr3_KI270937v1_alt	165607	7030	5
chr6_GL000256v2_alt	4929269	140088	40
chr19_GL949752v1_alt	987100	41352	15
chr6_KI270758v1_alt	76752	982	0
chr19_GL949753v2_alt	796479	15883	5
chr19_KI270938v1_alt	1066800	34102	14
chrM	16569	1352981	513
chrUn_KI270302v1	2274	438	0
chrUn_KI270304v1	2165	160	0
chrUn_KI270303v1	1942	1288	0
chrUn_KI270305v1	1472	774	0
chrUn_KI270322v1	21476	4003	2
chrUn_KI270320v1	4416	6807	2
chrUn_KI270310v1	1201	2524	1
chrUn_KI270316v1	1444	111	0
chrUn_KI270315v1	2276	641	4
chrUn_KI270312v1	998	243	0
chrUn_KI270311v1	12399	1419	0
chrUn_KI270317v1	37690	401	0
chrUn_KI270412v1	1179	514	1
chrUn_KI270411v1	2646	843	0
chrUn_KI270414v1	2489	346	1
chrUn_KI270419v1	1029	555	0
chrUn_KI270418v1	2145	1349	1
chrUn_KI270420v1	2321	1275	0
chrUn_KI270424v1	2140	251	0
chrUn_KI270417v1	2043	502	0
chrUn_KI270422v1	1445	871	0
chrUn_KI270423v1	981	341	0
chrUn_KI270425v1	1884	175	0
chrUn_KI270429v1	1361	271	0
chrUn_KI270442v1	392061	316608	368
chrUn_KI270466v1	1233	37710	15
chrUn_KI270465v1	1774	1751	0
chrUn_KI270467v1	3920	108468	40
chrUn_KI270435v1	92983	47959	50
chrUn_KI270438v1	112505	1365920	465
chrUn_KI270468v1	4055	1652	0
chrUn_KI270510v1	2415	2322	1
chrUn_KI270509v1	2318	2341	5
chrUn_KI270518v1	2186	2335	0
chrUn_KI270508v1	1951	2325	0
chrUn_KI270516v1	1300	1387	2
chrUn_KI270512v1	22689	11289	17
chrUn_KI270519v1	138126	76113	45
chrUn_KI270522v1	5674	1231	1
chrUn_KI270511v1	8127	3194	0
chrUn_KI270515v1	6361	7067	3
chrUn_KI270507v1	5353	4419	0
chrUn_KI270517v1	3253	3685	2
chrUn_KI270529v1	1899	597	0
chrUn_KI270528v1	2983	334	0
chrUn_KI270530v1	2168	167	0
chrUn_KI270539v1	993	93	0
chrUn_KI270538v1	91309	50685	17
chrUn_KI270544v1	1202	2283	1
chrUn_KI270548v1	1599	75	0
chrUn_KI270583v1	1400	1046	1
chrUn_KI270587v1	2969	2355	0
chrUn_KI270580v1	1553	1324	0
chrUn_KI270581v1	7046	1832	0
chrUn_KI270579v1	31033	6933	4
chrUn_KI270589v1	44474	23945	38
chrUn_KI270590v1	4685	6618	2
chrUn_KI270584v1	4513	3900	0
chrUn_KI270582v1	6504	2132	1
chrUn_KI270588v1	6158	4034	5
chrUn_KI270593v1	3041	2033	4
chrUn_KI270591v1	5796	7451	12
chrUn_KI270330v1	1652	4641	2
chrUn_KI270329v1	1040	643	0
chrUn_KI270334v1	1368	723	0
chrUn_KI270333v1	2699	23717	7
chrUn_KI270335v1	1048	262	0
chrUn_KI270338v1	1428	211	0
chrUn_KI270340v1	1428	1693	1
chrUn_KI270336v1	1026	4932	7
chrUn_KI270337v1	1121	31184	11
chrUn_KI270363v1	1803	363	0
chrUn_KI270364v1	2855	438	0
chrUn_KI270362v1	3530	782	1
chrUn_KI270366v1	8320	1875	0
chrUn_KI270378v1	1048	163	0
chrUn_KI270379v1	1045	69	0
chrUn_KI270389v1	1298	357	0
chrUn_KI270390v1	2387	53	0
chrUn_KI270387v1	1537	474	0
chrUn_KI270395v1	1143	820	1
chrUn_KI270396v1	1880	153	0
chrUn_KI270388v1	1216	328	0
chrUn_KI270394v1	970	264	0
chrUn_KI270386v1	1788	172	1
chrUn_KI270391v1	1484	46	0
chrUn_KI270383v1	1750	213	0
chrUn_KI270393v1	1308	53	0
chrUn_KI270384v1	1658	245	0
chrUn_KI270392v1	971	193	0
chrUn_KI270381v1	1930	395	0
chrUn_KI270385v1	990	168	0
chrUn_KI270382v1	4215	413	0
chrUn_KI270376v1	1136	46	0
chrUn_KI270374v1	2656	172	0
chrUn_KI270372v1	1650	102	0
chrUn_KI270373v1	1451	88	0
chrUn_KI270375v1	2378	256	0
chrUn_KI270371v1	2805	165	0
chrUn_KI270448v1	7992	3415	0
chrUn_KI270521v1	7642	1863	0
chrUn_GL000195v1	182896	72139	28
chrUn_GL000219v1	179198	79423	56
chrUn_GL000220v1	161802	451961	222
chrUn_GL000224v1	179693	177232	61
chrUn_KI270741v1	157432	27592	16
chrUn_GL000226v1	15008	214137	14
chrUn_GL000213v1	164239	9413	9
chrUn_KI270743v1	210658	78024	27
chrUn_KI270744v1	168472	156242	64
chrUn_KI270745v1	41891	11577	3
chrUn_KI270746v1	66486	40081	9
chrUn_KI270747v1	198735	30756	4
chrUn_KI270748v1	93321	17083	6
chrUn_KI270749v1	158759	49794	23
chrUn_KI270750v1	148850	57002	15
chrUn_KI270751v1	150742	103801	44
chrUn_KI270752v1	27745	62	19
chrUn_KI270753v1	62944	21491	4
chrUn_KI270754v1	40191	38486	11
chrUn_KI270755v1	36723	1721	0
chrUn_KI270756v1	79590	33430	60
chrUn_KI270757v1	71251	53906	40
chrUn_GL000214v1	137718	113422	38
chrUn_KI270742v1	186739	109187	33
chrUn_GL000216v2	176608	439749	267
chrUn_GL000218v1	161147	49827	19
chrX	156040895	16490873	7090
chrY	57227415	5443452	3907
chrY_KI270740v1_random	37240	4351	1
*	0	0	837184
