chr1	248956422	49018759	16150
chr10	133797422	28194544	9925
chr11	135086622	26846370	8956
chr11_KI270721v1_random	100316	10456	6
chr12	133275309	26866941	8826
chr13	114364328	19383018	6369
chr14	107043718	17999955	6130
chr14_GL000009v2_random	201709	91990	23
chr14_GL000225v1_random	211173	519658	274
chr14_KI270722v1_random	194050	39409	13
chr14_GL000194v1_random	191469	111827	44
chr14_KI270723v1_random	38115	20625	12
chr14_KI270724v1_random	39555	23738	9
chr14_KI270725v1_random	172810	41841	13
chr14_KI270726v1_random	43739	1204	2
chr15	101991189	16316868	5654
chr15_KI270727v1_random	448248	19326	8
chr16	90338345	18064720	6051
chr16_KI270728v1_random	1872759	271714	100
chr17	83257441	16711029	6122
chr17_GL000205v2_random	185591	102466	36
chr17_KI270729v1_random	280839	448342	210
chr17_KI270730v1_random	112551	75586	246
chr18	80373285	16276992	5488
chr19	58617616	12279737	4579
chr1_KI270706v1_random	175055	45476	14
chr1_KI270707v1_random	32032	7531	3
chr1_KI270708v1_random	127682	28933	14
chr1_KI270709v1_random	66860	330782	75
chr1_KI270710v1_random	40176	11996	5
chr1_KI270711v1_random	42210	27810	11
chr1_KI270712v1_random	176043	34150	16
chr1_KI270713v1_random	40745	16740	6
chr1_KI270714v1_random	41717	8764	2
chr2	242193529	49282323	19450
chr20	64444167	14404788	5310
chr21	46709983	9383298	3695
chr22	50818468	8474194	3046
chr22_KI270731v1_random	150754	69979	42
chr22_KI270732v1_random	41543	29108	5
chr22_KI270733v1_random	179772	373881	200
chr22_KI270734v1_random	165050	86483	43
chr22_KI270735v1_random	42811	67699	137
chr22_KI270736v1_random	181920	153947	746
chr22_KI270737v1_random	103838	41628	33
chr22_KI270738v1_random	99375	23941	1
chr22_KI270739v1_random	73985	8547	0
chr2_KI270715v1_random	161471	42576	7
chr2_KI270716v1_random	153799	29087	14
chr3	198295559	40002700	12951
chr3_GL000221v1_random	155397	66771	23
chr4	190214555	38962426	12287
chr4_GL000008v2_random	209709	82894	53
chr5	181538259	37050136	11907
chr5_GL000208v1_random	92689	31044	7
chr6	170805979	33392600	10804
chr7	159345973	31926932	10406
chr8	145138636	28943622	9615
chr9	138394717	25148837	8436
chr9_KI270717v1_random	40062	7558	1
chr9_KI270718v1_random	38054	12815	5
chr9_KI270719v1_random	176845	57052	12
chr9_KI270720v1_random	39050	13371	3
chr1_KI270762v1_alt	354444	69654	36
chr1_KI270766v1_alt	256271	27744	6
chr1_KI270760v1_alt	109528	10882	4
chr1_KI270765v1_alt	185285	26001	11
chr1_GL383518v1_alt	182439	17648	9
chr1_GL383519v1_alt	110268	9442	0
chr1_GL383520v2_alt	366580	36833	13
chr1_KI270764v1_alt	50258	5200	2
chr1_KI270763v1_alt	911658	90384	42
chr1_KI270759v1_alt	425601	45743	16
chr1_KI270761v1_alt	165834	14162	8
chr2_KI270770v1_alt	136240	11956	6
chr2_KI270773v1_alt	70887	7009	2
chr2_KI270774v1_alt	223625	23229	8
chr2_KI270769v1_alt	120616	11956	0
chr2_GL383521v1_alt	143390	14752	13
chr2_KI270772v1_alt	133041	71163	22
chr2_KI270775v1_alt	138019	12756	6
chr2_KI270771v1_alt	110395	10380	2
chr2_KI270768v1_alt	110099	10492	10
chr2_GL582966v2_alt	96131	10288	3
chr2_GL383522v1_alt	123821	14735	5
chr2_KI270776v1_alt	174166	19129	20
chr2_KI270767v1_alt	161578	11212	8
chr3_JH636055v2_alt	173151	18573	4
chr3_KI270783v1_alt	109187	11805	3
chr3_KI270780v1_alt	224108	21678	3
chr3_GL383526v1_alt	180671	17556	4
chr3_KI270777v1_alt	173649	17703	5
chr3_KI270778v1_alt	248252	21094	7
chr3_KI270781v1_alt	113034	12848	3
chr3_KI270779v1_alt	205312	9503	3
chr3_KI270782v1_alt	162429	18744	10
chr3_KI270784v1_alt	184404	21104	9
chr4_KI270790v1_alt	220246	20554	12
chr4_GL383528v1_alt	376187	28973	9
chr4_KI270787v1_alt	111943	12803	3
chr4_GL000257v2_alt	586476	56747	15
chr4_KI270788v1_alt	158965	17406	5
chr4_GL383527v1_alt	164536	17133	2
chr4_KI270785v1_alt	119912	10939	3
chr4_KI270789v1_alt	205944	19031	4
chr4_KI270786v1_alt	244096	12975	3
chr5_KI270793v1_alt	126136	14344	1
chr5_KI270792v1_alt	179043	20800	10
chr5_KI270791v1_alt	195710	22200	11
chr5_GL383532v1_alt	82728	4819	0
chr5_GL949742v1_alt	226852	18966	6
chr5_KI270794v1_alt	164558	14985	6
chr5_GL339449v2_alt	1612928	162640	49
chr5_GL383530v1_alt	101241	12261	0
chr5_KI270796v1_alt	172708	15579	2
chr5_GL383531v1_alt	173459	17844	3
chr5_KI270795v1_alt	131892	11388	2
chr6_GL000250v2_alt	4672374	62122	22
chr6_KI270800v1_alt	175808	16108	6
chr6_KI270799v1_alt	152148	11710	2
chr6_GL383533v1_alt	124736	15993	7
chr6_KI270801v1_alt	870480	86115	22
chr6_KI270802v1_alt	75005	7045	2
chr6_KB021644v2_alt	185823	17260	7
chr6_KI270797v1_alt	197536	19393	9
chr6_KI270798v1_alt	271782	30080	18
chr7_KI270804v1_alt	157952	12129	4
chr7_KI270809v1_alt	209586	21550	6
chr7_KI270806v1_alt	158166	15175	7
chr7_GL383534v2_alt	119183	11109	4
chr7_KI270803v1_alt	1111570	107605	53
chr7_KI270808v1_alt	271455	29391	7
chr7_KI270807v1_alt	126434	12659	5
chr7_KI270805v1_alt	209988	24974	13
chr8_KI270818v1_alt	145606	15939	8
chr8_KI270812v1_alt	282736	29906	13
chr8_KI270811v1_alt	292436	24652	20
chr8_KI270821v1_alt	985506	93933	20
chr8_KI270813v1_alt	300230	54579	13
chr8_KI270822v1_alt	624492	56868	11
chr8_KI270814v1_alt	141812	19797	8
chr8_KI270810v1_alt	374415	36246	8
chr8_KI270819v1_alt	133535	15642	6
chr8_KI270820v1_alt	36640	4149	0
chr8_KI270817v1_alt	158983	14992	5
chr8_KI270816v1_alt	305841	33649	15
chr8_KI270815v1_alt	132244	14807	9
chr9_GL383539v1_alt	162988	14112	3
chr9_GL383540v1_alt	71551	6848	0
chr9_GL383541v1_alt	171286	21302	9
chr9_GL383542v1_alt	60032	6190	7
chr9_KI270823v1_alt	439082	44617	18
chr10_GL383545v1_alt	179254	23393	6
chr10_KI270824v1_alt	181496	27665	11
chr10_GL383546v1_alt	309802	27311	13
chr10_KI270825v1_alt	188315	18402	10
chr11_KI270832v1_alt	210133	24793	6
chr11_KI270830v1_alt	177092	13190	8
chr11_KI270831v1_alt	296895	26934	12
chr11_KI270829v1_alt	204059	17780	1
chr11_GL383547v1_alt	154407	14977	15
chr11_JH159136v1_alt	200998	19210	8
chr11_JH159137v1_alt	191409	21356	12
chr11_KI270827v1_alt	67707	8436	2
chr11_KI270826v1_alt	186169	18414	4
chr12_GL877875v1_alt	167313	21835	6
chr12_GL877876v1_alt	408271	32109	10
chr12_KI270837v1_alt	40090	2743	0
chr12_GL383549v1_alt	120804	11328	3
chr12_KI270835v1_alt	238139	25044	11
chr12_GL383550v2_alt	169178	19754	7
chr12_GL383552v1_alt	138655	12151	5
chr12_GL383553v2_alt	152874	14747	7
chr12_KI270834v1_alt	119498	12542	12
chr12_GL383551v1_alt	184319	18535	4
chr12_KI270833v1_alt	76061	8066	3
chr12_KI270836v1_alt	56134	4495	1
chr13_KI270840v1_alt	191684	17293	7
chr13_KI270839v1_alt	180306	19170	12
chr13_KI270843v1_alt	103832	9736	3
chr13_KI270841v1_alt	169134	16066	6
chr13_KI270838v1_alt	306913	30180	9
chr13_KI270842v1_alt	37287	2792	0
chr14_KI270844v1_alt	322166	33258	7
chr14_KI270847v1_alt	1511111	157556	46
chr14_KI270845v1_alt	180703	17735	3
chr14_KI270846v1_alt	1351393	143999	81
chr15_KI270852v1_alt	478999	23300	6
chr15_KI270851v1_alt	263054	20293	8
chr15_KI270848v1_alt	327382	26001	17
chr15_GL383554v1_alt	296527	23930	16
chr15_KI270849v1_alt	244917	23486	1
chr15_GL383555v2_alt	388773	43175	25
chr15_KI270850v1_alt	430880	53799	23
chr16_KI270854v1_alt	134193	13883	8
chr16_KI270856v1_alt	63982	7863	4
chr16_KI270855v1_alt	232857	25265	15
chr16_KI270853v1_alt	2659700	289425	107
chr16_GL383556v1_alt	192462	18229	7
chr16_GL383557v1_alt	89672	9322	1
chr17_GL383563v3_alt	375691	31099	20
chr17_KI270862v1_alt	391357	38920	15
chr17_KI270861v1_alt	196688	20569	11
chr17_KI270857v1_alt	2877074	299737	101
chr17_JH159146v1_alt	278131	28869	13
chr17_JH159147v1_alt	70345	5983	0
chr17_GL383564v2_alt	133151	13462	4
chr17_GL000258v2_alt	1821992	166371	46
chr17_GL383565v1_alt	223995	23082	6
chr17_KI270858v1_alt	235827	21112	4
chr17_KI270859v1_alt	108763	12589	11
chr17_GL383566v1_alt	90219	8915	4
chr17_KI270860v1_alt	178921	17065	5
chr18_KI270864v1_alt	111737	12009	1
chr18_GL383567v1_alt	289831	28107	11
chr18_GL383570v1_alt	164789	16396	4
chr18_GL383571v1_alt	198278	15400	1
chr18_GL383568v1_alt	104552	12237	2
chr18_GL383569v1_alt	167950	10887	2
chr18_GL383572v1_alt	159547	10678	2
chr18_KI270863v1_alt	167999	17879	12
chr19_KI270868v1_alt	61734	5561	5
chr19_KI270865v1_alt	52969	5987	1
chr19_GL383573v1_alt	385657	31725	8
chr19_GL383575v2_alt	170222	15420	9
chr19_GL383576v1_alt	188024	20409	5
chr19_GL383574v1_alt	155864	16879	7
chr19_KI270866v1_alt	43156	7742	4
chr19_KI270867v1_alt	233762	23597	13
chr19_GL949746v1_alt	987716	25683	8
chr20_GL383577v2_alt	128386	13068	5
chr20_KI270869v1_alt	118774	14146	10
chr20_KI270871v1_alt	58661	7127	2
chr20_KI270870v1_alt	183433	20953	7
chr21_GL383578v2_alt	63917	7400	1
chr21_KI270874v1_alt	166743	17880	3
chr21_KI270873v1_alt	143900	15589	6
chr21_GL383579v2_alt	201197	19544	4
chr21_GL383580v2_alt	74653	7966	4
chr21_GL383581v2_alt	116689	12511	4
chr21_KI270872v1_alt	82692	9429	7
chr22_KI270875v1_alt	259914	27289	14
chr22_KI270878v1_alt	186262	23998	14
chr22_KI270879v1_alt	304135	29787	11
chr22_KI270876v1_alt	263666	27804	8
chr22_KI270877v1_alt	101331	11389	7
chr22_GL383583v2_alt	96924	10367	3
chr22_GL383582v2_alt	162811	12794	2
chrX_KI270880v1_alt	284869	13720	13
chrX_KI270881v1_alt	144206	5454	2
chr19_KI270882v1_alt	248807	1424	1
chr19_KI270883v1_alt	170399	2124	0
chr19_KI270884v1_alt	157053	618	0
chr19_KI270885v1_alt	171027	1092	1
chr19_KI270886v1_alt	204239	580	0
chr19_KI270887v1_alt	209512	2230	0
chr19_KI270888v1_alt	155532	704	0
chr19_KI270889v1_alt	170698	1083	0
chr19_KI270890v1_alt	184499	1581	0
chr19_KI270891v1_alt	170680	1128	1
chr1_KI270892v1_alt	162212	14095	9
chr2_KI270894v1_alt	214158	80847	35
chr2_KI270893v1_alt	161218	11512	7
chr3_KI270895v1_alt	162896	7469	2
chr4_KI270896v1_alt	378547	32793	15
chr5_KI270897v1_alt	1144418	107522	40
chr5_KI270898v1_alt	130957	8351	3
chr6_GL000251v2_alt	4795265	157591	52
chr7_KI270899v1_alt	190869	17788	9
chr8_KI270901v1_alt	136959	15126	2
chr8_KI270900v1_alt	318687	26009	11
chr11_KI270902v1_alt	106711	8844	5
chr11_KI270903v1_alt	214625	18050	3
chr12_KI270904v1_alt	572349	40316	17
chr15_KI270906v1_alt	196384	15319	6
chr15_KI270905v1_alt	5161414	471247	131
chr17_KI270907v1_alt	137721	11554	7
chr17_KI270910v1_alt	157099	10789	6
chr17_KI270909v1_alt	325800	22721	4
chr17_JH159148v1_alt	88070	6706	1
chr17_KI270908v1_alt	1423190	108961	28
chr18_KI270912v1_alt	174061	11685	2
chr18_KI270911v1_alt	157710	12865	3
chr19_GL949747v2_alt	729520	15471	5
chr22_KB663609v1_alt	74013	3207	3
chrX_KI270913v1_alt	274009	17104	24
chr19_KI270914v1_alt	205194	1684	1
chr19_KI270915v1_alt	170665	1114	0
chr19_KI270916v1_alt	184516	1138	0
chr19_KI270917v1_alt	190932	1376	3
chr19_KI270918v1_alt	123111	905	0
chr19_KI270919v1_alt	170701	1124	0
chr19_KI270920v1_alt	198005	1078	1
chr19_KI270921v1_alt	282224	1882	0
chr19_KI270922v1_alt	187935	1381	1
chr19_KI270923v1_alt	189352	1007	2
chr3_KI270924v1_alt	166540	7563	1
chr4_KI270925v1_alt	555799	46685	20
chr6_GL000252v2_alt	4604811	121822	40
chr8_KI270926v1_alt	229282	18450	6
chr11_KI270927v1_alt	218612	20662	3
chr19_GL949748v2_alt	1064304	6740	4
chr22_KI270928v1_alt	176103	9742	4
chr19_KI270929v1_alt	186203	1224	0
chr19_KI270930v1_alt	200773	981	0
chr19_KI270931v1_alt	170148	1160	1
chr19_KI270932v1_alt	215732	1800	0
chr19_KI270933v1_alt	170537	1017	0
chr19_GL000209v2_alt	177381	1464	0
chr3_KI270934v1_alt	163458	6758	0
chr6_GL000253v2_alt	4677643	150465	58
chr19_GL949749v2_alt	1091841	7303	5
chr3_KI270935v1_alt	197351	7940	8
chr6_GL000254v2_alt	4827813	114090	30
chr19_GL949750v2_alt	1066390	7375	7
chr3_KI270936v1_alt	164170	6311	3
chr6_GL000255v2_alt	4606388	129800	44
chr19_GL949751v2_alt	1002683	7655	5
chr3_KI270937v1_alt	165607	6643	1
chr6_GL000256v2_alt	4929269	129960	56
chr19_GL949752v1_alt	987100	38268	13
chr6_KI270758v1_alt	76752	797	0
chr19_GL949753v2_alt	796479	14689	3
chr19_KI270938v1_alt	1066800	32029	13
chrM	16569	1323988	472
chrUn_KI270302v1	2274	451	0
chrUn_KI270304v1	2165	129	0
chrUn_KI270303v1	1942	1025	0
chrUn_KI270305v1	1472	762	0
chrUn_KI270322v1	21476	3611	1
chrUn_KI270320v1	4416	6725	2
chrUn_KI270310v1	1201	2050	0
chrUn_KI270316v1	1444	78	0
chrUn_KI270315v1	2276	678	0
chrUn_KI270312v1	998	206	0
chrUn_KI270311v1	12399	1269	3
chrUn_KI270317v1	37690	441	0
chrUn_KI270412v1	1179	486	0
chrUn_KI270411v1	2646	875	0
chrUn_KI270414v1	2489	296	0
chrUn_KI270419v1	1029	463	0
chrUn_KI270418v1	2145	1205	1
chrUn_KI270420v1	2321	1207	0
chrUn_KI270424v1	2140	280	0
chrUn_KI270417v1	2043	560	0
chrUn_KI270422v1	1445	672	0
chrUn_KI270423v1	981	367	0
chrUn_KI270425v1	1884	188	0
chrUn_KI270429v1	1361	284	1
chrUn_KI270442v1	392061	297742	332
chrUn_KI270466v1	1233	26378	4
chrUn_KI270465v1	1774	1736	0
chrUn_KI270467v1	3920	72383	23
chrUn_KI270435v1	92983	44999	47
chrUn_KI270438v1	112505	1302647	367
chrUn_KI270468v1	4055	1540	0
chrUn_KI270510v1	2415	2058	2
chrUn_KI270509v1	2318	2108	0
chrUn_KI270518v1	2186	2222	1
chrUn_KI270508v1	1951	2315	0
chrUn_KI270516v1	1300	1292	0
chrUn_KI270512v1	22689	10775	21
chrUn_KI270519v1	138126	71196	51
chrUn_KI270522v1	5674	1137	1
chrUn_KI270511v1	8127	3041	0
chrUn_KI270515v1	6361	6091	1
chrUn_KI270507v1	5353	4299	1
chrUn_KI270517v1	3253	3266	0
chrUn_KI270529v1	1899	507	0
chrUn_KI270528v1	2983	365	0
chrUn_KI270530v1	2168	176	0
chrUn_KI270539v1	993	82	1
chrUn_KI270538v1	91309	47374	17
chrUn_KI270544v1	1202	2046	0
chrUn_KI270548v1	1599	91	0
chrUn_KI270583v1	1400	1057	0
chrUn_KI270587v1	2969	2199	0
chrUn_KI270580v1	1553	1184	0
chrUn_KI270581v1	7046	1768	0
chrUn_KI270579v1	31033	6507	1
chrUn_KI270589v1	44474	22785	37
chrUn_KI270590v1	4685	6215	1
chrUn_KI270584v1	4513	3659	2
chrUn_KI270582v1	6504	1985	1
chrUn_KI270588v1	6158	3975	0
chrUn_KI270593v1	3041	1834	0
chrUn_KI270591v1	5796	7003	13
chrUn_KI270330v1	1652	4228	1
chrUn_KI270329v1	1040	524	0
chrUn_KI270334v1	1368	742	0
chrUn_KI270333v1	2699	17801	11
chrUn_KI270335v1	1048	229	0
chrUn_KI270338v1	1428	134	0
chrUn_KI270340v1	1428	1610	0
chrUn_KI270336v1	1026	4027	0
chrUn_KI270337v1	1121	23743	11
chrUn_KI270363v1	1803	316	0
chrUn_KI270364v1	2855	438	2
chrUn_KI270362v1	3530	781	0
chrUn_KI270366v1	8320	1869	0
chrUn_KI270378v1	1048	100	0
chrUn_KI270379v1	1045	69	0
chrUn_KI270389v1	1298	354	0
chrUn_KI270390v1	2387	50	0
chrUn_KI270387v1	1537	391	0
chrUn_KI270395v1	1143	821	0
chrUn_KI270396v1	1880	145	0
chrUn_KI270388v1	1216	344	0
chrUn_KI270394v1	970	223	0
chrUn_KI270386v1	1788	163	0
chrUn_KI270391v1	1484	30	0
chrUn_KI270383v1	1750	181	0
chrUn_KI270393v1	1308	50	0
chrUn_KI270384v1	1658	169	0
chrUn_KI270392v1	971	209	0
chrUn_KI270381v1	1930	408	0
chrUn_KI270385v1	990	153	0
chrUn_KI270382v1	4215	288	0
chrUn_KI270376v1	1136	80	0
chrUn_KI270374v1	2656	152	0
chrUn_KI270372v1	1650	133	0
chrUn_KI270373v1	1451	78	0
chrUn_KI270375v1	2378	269	0
chrUn_KI270371v1	2805	175	0
chrUn_KI270448v1	7992	3104	0
chrUn_KI270521v1	7642	1779	0
chrUn_GL000195v1	182896	66000	17
chrUn_GL000219v1	179198	74414	38
chrUn_GL000220v1	161802	428590	166
chrUn_GL000224v1	179693	164375	33
chrUn_KI270741v1	157432	25981	4
chrUn_GL000226v1	15008	197421	6
chrUn_GL000213v1	164239	8667	3
chrUn_KI270743v1	210658	72877	29
chrUn_KI270744v1	168472	144154	44
chrUn_KI270745v1	41891	10645	9
chrUn_KI270746v1	66486	36580	11
chrUn_KI270747v1	198735	28590	10
chrUn_KI270748v1	93321	15555	2
chrUn_KI270749v1	158759	44676	18
chrUn_KI270750v1	148850	53308	16
chrUn_KI270751v1	150742	96303	27
chrUn_KI270752v1	27745	70	26
chrUn_KI270753v1	62944	19900	3
chrUn_KI270754v1	40191	36500	14
chrUn_KI270755v1	36723	1563	2
chrUn_KI270756v1	79590	31665	62
chrUn_KI270757v1	71251	49788	35
chrUn_GL000214v1	137718	106270	49
chrUn_KI270742v1	186739	101337	31
chrUn_GL000216v2	176608	417046	258
chrUn_GL000218v1	161147	46177	19
chrX	156040895	15299829	5526
chrY	57227415	5087866	3401
chrY_KI270740v1_random	37240	4023	0
*	0	0	1013512
