chr1	248956422	57733102	20185
chr10	133797422	32467368	11929
chr11	135086622	31830474	11423
chr11_KI270721v1_random	100316	11032	8
chr12	133275309	31181202	11122
chr13	114364328	23038779	8118
chr14	107043718	21215139	7757
chr14_GL000009v2_random	201709	106401	40
chr14_GL000225v1_random	211173	650327	421
chr14_KI270722v1_random	194050	67775	21
chr14_GL000194v1_random	191469	93994	32
chr14_KI270723v1_random	38115	26113	18
chr14_KI270724v1_random	39555	24214	18
chr14_KI270725v1_random	172810	41484	10
chr14_KI270726v1_random	43739	4179	22
chr15	101991189	19349980	7037
chr15_KI270727v1_random	448248	53728	29
chr16	90338345	21041061	7644
chr16_KI270728v1_random	1872759	130463	56
chr17	83257441	19155373	7543
chr17_GL000205v2_random	185591	120442	33
chr17_KI270729v1_random	280839	492440	327
chr17_KI270730v1_random	112551	95767	415
chr18	80373285	18583043	6588
chr19	58617616	13827891	5465
chr1_KI270706v1_random	175055	63773	28
chr1_KI270707v1_random	32032	9947	3
chr1_KI270708v1_random	127682	34469	17
chr1_KI270709v1_random	66860	657210	159
chr1_KI270710v1_random	40176	14658	6
chr1_KI270711v1_random	42210	36008	8
chr1_KI270712v1_random	176043	39708	29
chr1_KI270713v1_random	40745	28353	16
chr1_KI270714v1_random	41717	9636	3
chr2	242193529	57609246	23889
chr20	64444167	16197593	6409
chr21	46709983	11203217	4783
chr22	50818468	9668847	3867
chr22_KI270731v1_random	150754	28416	66
chr22_KI270732v1_random	41543	21815	16
chr22_KI270733v1_random	179772	722717	329
chr22_KI270734v1_random	165050	78441	64
chr22_KI270735v1_random	42811	86614	185
chr22_KI270736v1_random	181920	234126	1087
chr22_KI270737v1_random	103838	46990	41
chr22_KI270738v1_random	99375	25548	9
chr22_KI270739v1_random	73985	9021	5
chr2_KI270715v1_random	161471	34556	5
chr2_KI270716v1_random	153799	33243	8
chr3	198295559	48557699	16959
chr3_GL000221v1_random	155397	74393	28
chr4	190214555	46131809	15955
chr4_GL000008v2_random	209709	106992	76
chr5	181538259	43600306	15110
chr5_GL000208v1_random	92689	37175	8
chr6	170805979	39194861	13415
chr7	159345973	37445779	13133
chr8	145138636	34018089	11982
chr9	138394717	28879799	10442
chr9_KI270717v1_random	40062	6699	3
chr9_KI270718v1_random	38054	12581	14
chr9_KI270719v1_random	176845	55412	25
chr9_KI270720v1_random	39050	15965	4
chr1_KI270762v1_alt	354444	55189	25
chr1_KI270766v1_alt	256271	28205	3
chr1_KI270760v1_alt	109528	13039	15
chr1_KI270765v1_alt	185285	31769	21
chr1_GL383518v1_alt	182439	21632	2
chr1_GL383519v1_alt	110268	10668	1
chr1_GL383520v2_alt	366580	42468	17
chr1_KI270764v1_alt	50258	5801	3
chr1_KI270763v1_alt	911658	108580	35
chr1_KI270759v1_alt	425601	51650	12
chr1_KI270761v1_alt	165834	15474	10
chr2_KI270770v1_alt	136240	16922	8
chr2_KI270773v1_alt	70887	9285	3
chr2_KI270774v1_alt	223625	22029	8
chr2_KI270769v1_alt	120616	13615	7
chr2_GL383521v1_alt	143390	18021	11
chr2_KI270772v1_alt	133041	68268	35
chr2_KI270775v1_alt	138019	15987	5
chr2_KI270771v1_alt	110395	13067	8
chr2_KI270768v1_alt	110099	12143	4
chr2_GL582966v2_alt	96131	11617	1
chr2_GL383522v1_alt	123821	14060	2
chr2_KI270776v1_alt	174166	21635	17
chr2_KI270767v1_alt	161578	12871	7
chr3_JH636055v2_alt	173151	24746	6
chr3_KI270783v1_alt	109187	14626	3
chr3_KI270780v1_alt	224108	29612	8
chr3_GL383526v1_alt	180671	23189	6
chr3_KI270777v1_alt	173649	22400	5
chr3_KI270778v1_alt	248252	26771	15
chr3_KI270781v1_alt	113034	14410	5
chr3_KI270779v1_alt	205312	6998	2
chr3_KI270782v1_alt	162429	20183	13
chr3_KI270784v1_alt	184404	23136	8
chr4_KI270790v1_alt	220246	24549	13
chr4_GL383528v1_alt	376187	38584	13
chr4_KI270787v1_alt	111943	12813	4
chr4_GL000257v2_alt	586476	66971	23
chr4_KI270788v1_alt	158965	17082	7
chr4_GL383527v1_alt	164536	20467	8
chr4_KI270785v1_alt	119912	13588	6
chr4_KI270789v1_alt	205944	23222	6
chr4_KI270786v1_alt	244096	13743	6
chr5_KI270793v1_alt	126136	14563	9
chr5_KI270792v1_alt	179043	23226	15
chr5_KI270791v1_alt	195710	23263	4
chr5_GL383532v1_alt	82728	8712	7
chr5_GL949742v1_alt	226852	23104	8
chr5_KI270794v1_alt	164558	18907	9
chr5_GL339449v2_alt	1612928	176048	54
chr5_GL383530v1_alt	101241	14322	11
chr5_KI270796v1_alt	172708	18362	7
chr5_GL383531v1_alt	173459	21175	12
chr5_KI270795v1_alt	131892	13316	2
chr6_GL000250v2_alt	4672374	72024	35
chr6_KI270800v1_alt	175808	17227	7
chr6_KI270799v1_alt	152148	17993	3
chr6_GL383533v1_alt	124736	18527	3
chr6_KI270801v1_alt	870480	103074	26
chr6_KI270802v1_alt	75005	7530	1
chr6_KB021644v2_alt	185823	19229	8
chr6_KI270797v1_alt	197536	21218	9
chr6_KI270798v1_alt	271782	31561	8
chr7_KI270804v1_alt	157952	14163	4
chr7_KI270809v1_alt	209586	23753	12
chr7_KI270806v1_alt	158166	17503	5
chr7_GL383534v2_alt	119183	13293	2
chr7_KI270803v1_alt	1111570	126709	43
chr7_KI270808v1_alt	271455	35218	12
chr7_KI270807v1_alt	126434	13686	3
chr7_KI270805v1_alt	209988	27863	12
chr8_KI270818v1_alt	145606	17879	5
chr8_KI270812v1_alt	282736	33351	22
chr8_KI270811v1_alt	292436	26897	5
chr8_KI270821v1_alt	985506	110071	48
chr8_KI270813v1_alt	300230	52134	24
chr8_KI270822v1_alt	624492	70360	23
chr8_KI270814v1_alt	141812	19442	4
chr8_KI270810v1_alt	374415	45865	13
chr8_KI270819v1_alt	133535	16494	8
chr8_KI270820v1_alt	36640	4918	2
chr8_KI270817v1_alt	158983	16933	6
chr8_KI270816v1_alt	305841	35666	11
chr8_KI270815v1_alt	132244	15941	7
chr9_GL383539v1_alt	162988	17046	8
chr9_GL383540v1_alt	71551	7620	3
chr9_GL383541v1_alt	171286	25943	12
chr9_GL383542v1_alt	60032	6653	3
chr9_KI270823v1_alt	439082	49155	23
chr10_GL383545v1_alt	179254	21083	8
chr10_KI270824v1_alt	181496	27966	22
chr10_GL383546v1_alt	309802	38312	11
chr10_KI270825v1_alt	188315	20226	8
chr11_KI270832v1_alt	210133	26123	11
chr11_KI270830v1_alt	177092	13836	8
chr11_KI270831v1_alt	296895	31874	12
chr11_KI270829v1_alt	204059	22234	4
chr11_GL383547v1_alt	154407	18486	22
chr11_JH159136v1_alt	200998	24234	10
chr11_JH159137v1_alt	191409	24284	10
chr11_KI270827v1_alt	67707	8664	6
chr11_KI270826v1_alt	186169	21767	7
chr12_GL877875v1_alt	167313	16604	9
chr12_GL877876v1_alt	408271	34570	14
chr12_KI270837v1_alt	40090	3102	2
chr12_GL383549v1_alt	120804	14040	4
chr12_KI270835v1_alt	238139	28917	4
chr12_GL383550v2_alt	169178	22063	4
chr12_GL383552v1_alt	138655	16337	5
chr12_GL383553v2_alt	152874	16938	5
chr12_KI270834v1_alt	119498	14383	8
chr12_GL383551v1_alt	184319	21604	8
chr12_KI270833v1_alt	76061	9150	2
chr12_KI270836v1_alt	56134	5139	2
chr13_KI270840v1_alt	191684	22614	10
chr13_KI270839v1_alt	180306	23121	9
chr13_KI270843v1_alt	103832	11418	4
chr13_KI270841v1_alt	169134	19751	7
chr13_KI270838v1_alt	306913	36970	19
chr13_KI270842v1_alt	37287	3710	2
chr14_KI270844v1_alt	322166	36462	20
chr14_KI270847v1_alt	1511111	178098	60
chr14_KI270845v1_alt	180703	21545	8
chr14_KI270846v1_alt	1351393	159859	101
chr15_KI270852v1_alt	478999	63589	27
chr15_KI270851v1_alt	263054	42129	26
chr15_KI270848v1_alt	327382	29016	17
chr15_GL383554v1_alt	296527	32165	9
chr15_KI270849v1_alt	244917	26475	12
chr15_GL383555v2_alt	388773	49235	32
chr15_KI270850v1_alt	430880	57018	32
chr16_KI270854v1_alt	134193	15619	14
chr16_KI270856v1_alt	63982	8627	3
chr16_KI270855v1_alt	232857	27032	13
chr16_KI270853v1_alt	2659700	356668	166
chr16_GL383556v1_alt	192462	23996	7
chr16_GL383557v1_alt	89672	10931	3
chr17_GL383563v3_alt	375691	38395	28
chr17_KI270862v1_alt	391357	40532	14
chr17_KI270861v1_alt	196688	21859	7
chr17_KI270857v1_alt	2877074	308578	111
chr17_JH159146v1_alt	278131	36306	9
chr17_JH159147v1_alt	70345	8747	0
chr17_GL383564v2_alt	133151	14720	4
chr17_GL000258v2_alt	1821992	67416	33
chr17_GL383565v1_alt	223995	28144	8
chr17_KI270858v1_alt	235827	23030	11
chr17_KI270859v1_alt	108763	13627	4
chr17_GL383566v1_alt	90219	9374	2
chr17_KI270860v1_alt	178921	21119	9
chr18_KI270864v1_alt	111737	13697	2
chr18_GL383567v1_alt	289831	32103	16
chr18_GL383570v1_alt	164789	21290	7
chr18_GL383571v1_alt	198278	18537	7
chr18_GL383568v1_alt	104552	15443	5
chr18_GL383569v1_alt	167950	12698	6
chr18_GL383572v1_alt	159547	12600	7
chr18_KI270863v1_alt	167999	21150	8
chr19_KI270868v1_alt	61734	7011	7
chr19_KI270865v1_alt	52969	6168	1
chr19_GL383573v1_alt	385657	36786	17
chr19_GL383575v2_alt	170222	19276	7
chr19_GL383576v1_alt	188024	22756	8
chr19_GL383574v1_alt	155864	18686	4
chr19_KI270866v1_alt	43156	9352	4
chr19_KI270867v1_alt	233762	25974	9
chr19_GL949746v1_alt	987716	39639	18
chr20_GL383577v2_alt	128386	14615	7
chr20_KI270869v1_alt	118774	14807	17
chr20_KI270871v1_alt	58661	7550	4
chr20_KI270870v1_alt	183433	22210	15
chr21_GL383578v2_alt	63917	8766	2
chr21_KI270874v1_alt	166743	20112	7
chr21_KI270873v1_alt	143900	17549	3
chr21_GL383579v2_alt	201197	21860	11
chr21_GL383580v2_alt	74653	9212	3
chr21_GL383581v2_alt	116689	14503	3
chr21_KI270872v1_alt	82692	10605	7
chr22_KI270875v1_alt	259914	32003	14
chr22_KI270878v1_alt	186262	21972	7
chr22_KI270879v1_alt	304135	37882	9
chr22_KI270876v1_alt	263666	31901	13
chr22_KI270877v1_alt	101331	12274	14
chr22_GL383583v2_alt	96924	11856	3
chr22_GL383582v2_alt	162811	13432	4
chrX_KI270880v1_alt	284869	16444	24
chrX_KI270881v1_alt	144206	6552	2
chr19_KI270882v1_alt	248807	3296	0
chr19_KI270883v1_alt	170399	1261	0
chr19_KI270884v1_alt	157053	727	0
chr19_KI270885v1_alt	171027	1027	0
chr19_KI270886v1_alt	204239	1074	0
chr19_KI270887v1_alt	209512	3730	1
chr19_KI270888v1_alt	155532	707	0
chr19_KI270889v1_alt	170698	1284	2
chr19_KI270890v1_alt	184499	2599	0
chr19_KI270891v1_alt	170680	1218	0
chr1_KI270892v1_alt	162212	14881	6
chr2_KI270894v1_alt	214158	80251	26
chr2_KI270893v1_alt	161218	12571	4
chr3_KI270895v1_alt	162896	4464	2
chr4_KI270896v1_alt	378547	37429	15
chr5_KI270897v1_alt	1144418	111998	48
chr5_KI270898v1_alt	130957	9039	6
chr6_GL000251v2_alt	4795265	179299	54
chr7_KI270899v1_alt	190869	18816	5
chr8_KI270901v1_alt	136959	17906	10
chr8_KI270900v1_alt	318687	23535	9
chr11_KI270902v1_alt	106711	9558	1
chr11_KI270903v1_alt	214625	21039	10
chr12_KI270904v1_alt	572349	44657	22
chr15_KI270906v1_alt	196384	19873	11
chr15_KI270905v1_alt	5161414	605251	204
chr17_KI270907v1_alt	137721	11254	4
chr17_KI270910v1_alt	157099	11755	6
chr17_KI270909v1_alt	325800	17449	4
chr17_JH159148v1_alt	88070	6418	2
chr17_KI270908v1_alt	1423190	167480	66
chr18_KI270912v1_alt	174061	13847	4
chr18_KI270911v1_alt	157710	14560	6
chr19_GL949747v2_alt	729520	19137	2
chr22_KB663609v1_alt	74013	5591	3
chrX_KI270913v1_alt	274009	16474	27
chr19_KI270914v1_alt	205194	1146	0
chr19_KI270915v1_alt	170665	1173	1
chr19_KI270916v1_alt	184516	2447	1
chr19_KI270917v1_alt	190932	1821	0
chr19_KI270918v1_alt	123111	1109	0
chr19_KI270919v1_alt	170701	1281	0
chr19_KI270920v1_alt	198005	1604	0
chr19_KI270921v1_alt	282224	3865	1
chr19_KI270922v1_alt	187935	1688	0
chr19_KI270923v1_alt	189352	1155	0
chr3_KI270924v1_alt	166540	5284	1
chr4_KI270925v1_alt	555799	47839	16
chr6_GL000252v2_alt	4604811	188670	63
chr8_KI270926v1_alt	229282	25049	9
chr11_KI270927v1_alt	218612	22495	11
chr19_GL949748v2_alt	1064304	7953	1
chr22_KI270928v1_alt	176103	11743	5
chr19_KI270929v1_alt	186203	1407	0
chr19_KI270930v1_alt	200773	1110	1
chr19_KI270931v1_alt	170148	1194	1
chr19_KI270932v1_alt	215732	1289	0
chr19_KI270933v1_alt	170537	1103	0
chr19_GL000209v2_alt	177381	2543	1
chr3_KI270934v1_alt	163458	4323	2
chr6_GL000253v2_alt	4677643	130911	51
chr19_GL949749v2_alt	1091841	8340	7
chr3_KI270935v1_alt	197351	8176	5
chr6_GL000254v2_alt	4827813	127548	52
chr19_GL949750v2_alt	1066390	8011	4
chr3_KI270936v1_alt	164170	4240	1
chr6_GL000255v2_alt	4606388	151509	60
chr19_GL949751v2_alt	1002683	8925	2
chr3_KI270937v1_alt	165607	6284	2
chr6_GL000256v2_alt	4929269	143637	78
chr19_GL949752v1_alt	987100	31299	4
chr6_KI270758v1_alt	76752	1225	0
chr19_GL949753v2_alt	796479	18632	2
chr19_KI270938v1_alt	1066800	34410	16
chrM	16569	3428704	1045
chrUn_KI270302v1	2274	354	0
chrUn_KI270304v1	2165	174	0
chrUn_KI270303v1	1942	502	0
chrUn_KI270305v1	1472	544	0
chrUn_KI270322v1	21476	3881	1
chrUn_KI270320v1	4416	6561	1
chrUn_KI270310v1	1201	1959	0
chrUn_KI270316v1	1444	140	0
chrUn_KI270315v1	2276	947	1
chrUn_KI270312v1	998	297	0
chrUn_KI270311v1	12399	975	0
chrUn_KI270317v1	37690	552	0
chrUn_KI270412v1	1179	306	0
chrUn_KI270411v1	2646	894	1
chrUn_KI270414v1	2489	639	0
chrUn_KI270419v1	1029	222	0
chrUn_KI270418v1	2145	793	0
chrUn_KI270420v1	2321	1279	0
chrUn_KI270424v1	2140	243	0
chrUn_KI270417v1	2043	611	0
chrUn_KI270422v1	1445	1165	0
chrUn_KI270423v1	981	528	0
chrUn_KI270425v1	1884	170	0
chrUn_KI270429v1	1361	943	0
chrUn_KI270442v1	392061	333667	541
chrUn_KI270466v1	1233	5270	1
chrUn_KI270465v1	1774	1938	2
chrUn_KI270467v1	3920	16728	15
chrUn_KI270435v1	92983	50376	73
chrUn_KI270438v1	112505	966928	333
chrUn_KI270468v1	4055	1812	0
chrUn_KI270510v1	2415	2368	1
chrUn_KI270509v1	2318	2143	1
chrUn_KI270518v1	2186	1990	0
chrUn_KI270508v1	1951	2535	0
chrUn_KI270516v1	1300	1342	0
chrUn_KI270512v1	22689	12321	26
chrUn_KI270519v1	138126	80084	49
chrUn_KI270522v1	5674	1298	0
chrUn_KI270511v1	8127	3440	3
chrUn_KI270515v1	6361	6624	1
chrUn_KI270507v1	5353	4385	1
chrUn_KI270517v1	3253	3532	0
chrUn_KI270529v1	1899	593	0
chrUn_KI270528v1	2983	372	0
chrUn_KI270530v1	2168	392	0
chrUn_KI270539v1	993	81	0
chrUn_KI270538v1	91309	56019	8
chrUn_KI270544v1	1202	1480	0
chrUn_KI270548v1	1599	105	0
chrUn_KI270583v1	1400	1083	4
chrUn_KI270587v1	2969	3146	1
chrUn_KI270580v1	1553	1224	0
chrUn_KI270581v1	7046	2265	0
chrUn_KI270579v1	31033	6855	3
chrUn_KI270589v1	44474	24466	69
chrUn_KI270590v1	4685	7038	2
chrUn_KI270584v1	4513	3280	3
chrUn_KI270582v1	6504	2403	0
chrUn_KI270588v1	6158	4563	0
chrUn_KI270593v1	3041	1990	0
chrUn_KI270591v1	5796	8322	19
chrUn_KI270330v1	1652	5973	3
chrUn_KI270329v1	1040	459	0
chrUn_KI270334v1	1368	159	0
chrUn_KI270333v1	2699	5751	2
chrUn_KI270335v1	1048	100	0
chrUn_KI270338v1	1428	60	0
chrUn_KI270340v1	1428	196	0
chrUn_KI270336v1	1026	1861	0
chrUn_KI270337v1	1121	13891	10
chrUn_KI270363v1	1803	405	0
chrUn_KI270364v1	2855	532	0
chrUn_KI270362v1	3530	985	0
chrUn_KI270366v1	8320	1995	1
chrUn_KI270378v1	1048	124	0
chrUn_KI270379v1	1045	76	0
chrUn_KI270389v1	1298	155	0
chrUn_KI270390v1	2387	307	0
chrUn_KI270387v1	1537	214	0
chrUn_KI270395v1	1143	864	1
chrUn_KI270396v1	1880	1644	0
chrUn_KI270388v1	1216	140	0
chrUn_KI270394v1	970	124	0
chrUn_KI270386v1	1788	174	0
chrUn_KI270391v1	1484	106	0
chrUn_KI270383v1	1750	296	0
chrUn_KI270393v1	1308	191	0
chrUn_KI270384v1	1658	992	0
chrUn_KI270392v1	971	135	0
chrUn_KI270381v1	1930	335	0
chrUn_KI270385v1	990	55	0
chrUn_KI270382v1	4215	865	1
chrUn_KI270376v1	1136	78	0
chrUn_KI270374v1	2656	187	0
chrUn_KI270372v1	1650	165	0
chrUn_KI270373v1	1451	90	0
chrUn_KI270375v1	2378	291	0
chrUn_KI270371v1	2805	226	1
chrUn_KI270448v1	7992	3829	1
chrUn_KI270521v1	7642	2197	1
chrUn_GL000195v1	182896	64818	18
chrUn_GL000219v1	179198	117517	55
chrUn_GL000220v1	161802	591814	252
chrUn_GL000224v1	179693	238009	80
chrUn_KI270741v1	157432	50858	19
chrUn_GL000226v1	15008	117095	7
chrUn_GL000213v1	164239	10662	4
chrUn_KI270743v1	210658	80047	29
chrUn_KI270744v1	168472	233638	69
chrUn_KI270745v1	41891	9109	2
chrUn_KI270746v1	66486	26716	13
chrUn_KI270747v1	198735	29736	8
chrUn_KI270748v1	93321	14603	1
chrUn_KI270749v1	158759	58231	15
chrUn_KI270750v1	148850	54498	18
chrUn_KI270751v1	150742	121031	42
chrUn_KI270752v1	27745	260	95
chrUn_KI270753v1	62944	16770	5
chrUn_KI270754v1	40191	31228	8
chrUn_KI270755v1	36723	3933	0
chrUn_KI270756v1	79590	36779	89
chrUn_KI270757v1	71251	55754	63
chrUn_GL000214v1	137718	214861	71
chrUn_KI270742v1	186739	123829	53
chrUn_GL000216v2	176608	492765	351
chrUn_GL000218v1	161147	91950	26
chrX	156040895	18262516	7128
chrY	57227415	5849007	4646
chrY_KI270740v1_random	37240	3742	4
*	0	0	940948
