chr1	248956422	58335326	18096
chr10	133797422	32649766	10985
chr11	135086622	31984498	10126
chr11_KI270721v1_random	100316	11658	0
chr12	133275309	31296394	9954
chr13	114364328	23078551	7159
chr14	107043718	21314062	7079
chr14_GL000009v2_random	201709	106663	32
chr14_GL000225v1_random	211173	654479	348
chr14_KI270722v1_random	194050	65759	33
chr14_GL000194v1_random	191469	93457	24
chr14_KI270723v1_random	38115	25954	16
chr14_KI270724v1_random	39555	24515	11
chr14_KI270725v1_random	172810	41218	13
chr14_KI270726v1_random	43739	3959	22
chr15	101991189	19446997	6453
chr15_KI270727v1_random	448248	53299	18
chr16	90338345	21407927	6945
chr16_KI270728v1_random	1872759	132110	51
chr17	83257441	19369670	6777
chr17_GL000205v2_random	185591	122614	31
chr17_KI270729v1_random	280839	536420	284
chr17_KI270730v1_random	112551	97880	376
chr18	80373285	18635628	5787
chr19	58617616	14053083	5272
chr1_KI270706v1_random	175055	63671	31
chr1_KI270707v1_random	32032	9948	8
chr1_KI270708v1_random	127682	33704	7
chr1_KI270709v1_random	66860	723633	128
chr1_KI270710v1_random	40176	14883	3
chr1_KI270711v1_random	42210	36218	12
chr1_KI270712v1_random	176043	39656	23
chr1_KI270713v1_random	40745	28077	5
chr1_KI270714v1_random	41717	10122	2
chr2	242193529	57599372	21596
chr20	64444167	16390524	5804
chr21	46709983	11256661	4483
chr22	50818468	9785991	3679
chr22_KI270731v1_random	150754	27674	33
chr22_KI270732v1_random	41543	22025	7
chr22_KI270733v1_random	179772	719328	332
chr22_KI270734v1_random	165050	79540	45
chr22_KI270735v1_random	42811	89899	157
chr22_KI270736v1_random	181920	239381	1112
chr22_KI270737v1_random	103838	50391	46
chr22_KI270738v1_random	99375	26145	7
chr22_KI270739v1_random	73985	9387	0
chr2_KI270715v1_random	161471	38165	11
chr2_KI270716v1_random	153799	36232	11
chr3	198295559	48621897	14946
chr3_GL000221v1_random	155397	73980	22
chr4	190214555	46523709	14359
chr4_GL000008v2_random	209709	108515	73
chr5	181538259	43816658	13717
chr5_GL000208v1_random	92689	37527	9
chr6	170805979	39216820	11848
chr7	159345973	37594291	11984
chr8	145138636	34052701	10682
chr9	138394717	28976417	9384
chr9_KI270717v1_random	40062	6418	3
chr9_KI270718v1_random	38054	12686	15
chr9_KI270719v1_random	176845	54951	27
chr9_KI270720v1_random	39050	15809	3
chr1_KI270762v1_alt	354444	56224	30
chr1_KI270766v1_alt	256271	28441	9
chr1_KI270760v1_alt	109528	13345	10
chr1_KI270765v1_alt	185285	32532	6
chr1_GL383518v1_alt	182439	21975	5
chr1_GL383519v1_alt	110268	11522	4
chr1_GL383520v2_alt	366580	43022	13
chr1_KI270764v1_alt	50258	5850	2
chr1_KI270763v1_alt	911658	108106	36
chr1_KI270759v1_alt	425601	52018	23
chr1_KI270761v1_alt	165834	15342	9
chr2_KI270770v1_alt	136240	16438	3
chr2_KI270773v1_alt	70887	9078	3
chr2_KI270774v1_alt	223625	21628	11
chr2_KI270769v1_alt	120616	13459	6
chr2_GL383521v1_alt	143390	18198	12
chr2_KI270772v1_alt	133041	70977	16
chr2_KI270775v1_alt	138019	15877	5
chr2_KI270771v1_alt	110395	12672	3
chr2_KI270768v1_alt	110099	12330	4
chr2_GL582966v2_alt	96131	11715	2
chr2_GL383522v1_alt	123821	14025	4
chr2_KI270776v1_alt	174166	21827	24
chr2_KI270767v1_alt	161578	12601	5
chr3_JH636055v2_alt	173151	24853	9
chr3_KI270783v1_alt	109187	15064	6
chr3_KI270780v1_alt	224108	28847	14
chr3_GL383526v1_alt	180671	22968	8
chr3_KI270777v1_alt	173649	22145	8
chr3_KI270778v1_alt	248252	26335	10
chr3_KI270781v1_alt	113034	13774	1
chr3_KI270779v1_alt	205312	7012	3
chr3_KI270782v1_alt	162429	20409	4
chr3_KI270784v1_alt	184404	24006	3
chr4_KI270790v1_alt	220246	24824	8
chr4_GL383528v1_alt	376187	38944	7
chr4_KI270787v1_alt	111943	12953	2
chr4_GL000257v2_alt	586476	66710	12
chr4_KI270788v1_alt	158965	16896	4
chr4_GL383527v1_alt	164536	20621	4
chr4_KI270785v1_alt	119912	13878	4
chr4_KI270789v1_alt	205944	23282	7
chr4_KI270786v1_alt	244096	13002	8
chr5_KI270793v1_alt	126136	14656	12
chr5_KI270792v1_alt	179043	23259	20
chr5_KI270791v1_alt	195710	23242	9
chr5_GL383532v1_alt	82728	8831	3
chr5_GL949742v1_alt	226852	23162	11
chr5_KI270794v1_alt	164558	18830	2
chr5_GL339449v2_alt	1612928	176600	53
chr5_GL383530v1_alt	101241	14040	6
chr5_KI270796v1_alt	172708	18109	0
chr5_GL383531v1_alt	173459	20872	3
chr5_KI270795v1_alt	131892	13539	5
chr6_GL000250v2_alt	4672374	72781	22
chr6_KI270800v1_alt	175808	17556	3
chr6_KI270799v1_alt	152148	17963	3
chr6_GL383533v1_alt	124736	18682	8
chr6_KI270801v1_alt	870480	102225	33
chr6_KI270802v1_alt	75005	7706	3
chr6_KB021644v2_alt	185823	19203	6
chr6_KI270797v1_alt	197536	21738	9
chr6_KI270798v1_alt	271782	31715	12
chr7_KI270804v1_alt	157952	14544	7
chr7_KI270809v1_alt	209586	24222	6
chr7_KI270806v1_alt	158166	17157	4
chr7_GL383534v2_alt	119183	13422	5
chr7_KI270803v1_alt	1111570	128400	30
chr7_KI270808v1_alt	271455	34990	8
chr7_KI270807v1_alt	126434	13934	9
chr7_KI270805v1_alt	209988	27951	13
chr8_KI270818v1_alt	145606	17905	5
chr8_KI270812v1_alt	282736	32884	11
chr8_KI270811v1_alt	292436	26934	11
chr8_KI270821v1_alt	985506	110865	35
chr8_KI270813v1_alt	300230	52491	23
chr8_KI270822v1_alt	624492	70149	26
chr8_KI270814v1_alt	141812	19494	7
chr8_KI270810v1_alt	374415	46505	15
chr8_KI270819v1_alt	133535	17136	6
chr8_KI270820v1_alt	36640	5095	9
chr8_KI270817v1_alt	158983	16550	18
chr8_KI270816v1_alt	305841	36701	12
chr8_KI270815v1_alt	132244	16135	1
chr9_GL383539v1_alt	162988	16852	5
chr9_GL383540v1_alt	71551	7520	3
chr9_GL383541v1_alt	171286	26775	6
chr9_GL383542v1_alt	60032	6658	0
chr9_KI270823v1_alt	439082	49477	13
chr10_GL383545v1_alt	179254	21148	6
chr10_KI270824v1_alt	181496	28602	22
chr10_GL383546v1_alt	309802	38246	8
chr10_KI270825v1_alt	188315	20825	1
chr11_KI270832v1_alt	210133	27133	12
chr11_KI270830v1_alt	177092	13906	8
chr11_KI270831v1_alt	296895	33513	10
chr11_KI270829v1_alt	204059	21759	6
chr11_GL383547v1_alt	154407	18343	35
chr11_JH159136v1_alt	200998	23760	9
chr11_JH159137v1_alt	191409	23838	9
chr11_KI270827v1_alt	67707	9086	1
chr11_KI270826v1_alt	186169	21927	6
chr12_GL877875v1_alt	167313	16602	7
chr12_GL877876v1_alt	408271	34982	11
chr12_KI270837v1_alt	40090	2980	1
chr12_GL383549v1_alt	120804	13861	5
chr12_KI270835v1_alt	238139	29298	8
chr12_GL383550v2_alt	169178	21345	7
chr12_GL383552v1_alt	138655	16204	1
chr12_GL383553v2_alt	152874	17063	7
chr12_KI270834v1_alt	119498	14272	9
chr12_GL383551v1_alt	184319	21119	4
chr12_KI270833v1_alt	76061	8947	6
chr12_KI270836v1_alt	56134	5123	0
chr13_KI270840v1_alt	191684	22327	6
chr13_KI270839v1_alt	180306	22947	1
chr13_KI270843v1_alt	103832	11688	2
chr13_KI270841v1_alt	169134	20159	0
chr13_KI270838v1_alt	306913	36670	12
chr13_KI270842v1_alt	37287	3850	1
chr14_KI270844v1_alt	322166	36063	13
chr14_KI270847v1_alt	1511111	180872	52
chr14_KI270845v1_alt	180703	21744	8
chr14_KI270846v1_alt	1351393	159511	87
chr15_KI270852v1_alt	478999	63918	22
chr15_KI270851v1_alt	263054	41822	12
chr15_KI270848v1_alt	327382	29342	10
chr15_GL383554v1_alt	296527	31772	9
chr15_KI270849v1_alt	244917	26001	7
chr15_GL383555v2_alt	388773	49374	29
chr15_KI270850v1_alt	430880	56960	14
chr16_KI270854v1_alt	134193	16251	12
chr16_KI270856v1_alt	63982	8694	3
chr16_KI270855v1_alt	232857	27941	11
chr16_KI270853v1_alt	2659700	360200	152
chr16_GL383556v1_alt	192462	23650	10
chr16_GL383557v1_alt	89672	11061	4
chr17_GL383563v3_alt	375691	38493	17
chr17_KI270862v1_alt	391357	41813	16
chr17_KI270861v1_alt	196688	22213	9
chr17_KI270857v1_alt	2877074	311301	98
chr17_JH159146v1_alt	278131	36296	10
chr17_JH159147v1_alt	70345	8809	5
chr17_GL383564v2_alt	133151	14469	2
chr17_GL000258v2_alt	1821992	68257	40
chr17_GL383565v1_alt	223995	28244	10
chr17_KI270858v1_alt	235827	23402	10
chr17_KI270859v1_alt	108763	14162	6
chr17_GL383566v1_alt	90219	9605	6
chr17_KI270860v1_alt	178921	21509	9
chr18_KI270864v1_alt	111737	14141	4
chr18_GL383567v1_alt	289831	32017	18
chr18_GL383570v1_alt	164789	21769	4
chr18_GL383571v1_alt	198278	18619	8
chr18_GL383568v1_alt	104552	14919	7
chr18_GL383569v1_alt	167950	12619	2
chr18_GL383572v1_alt	159547	12582	11
chr18_KI270863v1_alt	167999	21668	8
chr19_KI270868v1_alt	61734	6995	5
chr19_KI270865v1_alt	52969	6195	2
chr19_GL383573v1_alt	385657	37183	8
chr19_GL383575v2_alt	170222	18900	11
chr19_GL383576v1_alt	188024	22544	4
chr19_GL383574v1_alt	155864	19152	2
chr19_KI270866v1_alt	43156	8656	0
chr19_KI270867v1_alt	233762	25747	8
chr19_GL949746v1_alt	987716	40072	14
chr20_GL383577v2_alt	128386	14873	9
chr20_KI270869v1_alt	118774	15323	7
chr20_KI270871v1_alt	58661	7981	6
chr20_KI270870v1_alt	183433	22178	10
chr21_GL383578v2_alt	63917	8320	2
chr21_KI270874v1_alt	166743	20431	4
chr21_KI270873v1_alt	143900	17950	4
chr21_GL383579v2_alt	201197	22296	9
chr21_GL383580v2_alt	74653	9067	2
chr21_GL383581v2_alt	116689	14992	9
chr21_KI270872v1_alt	82692	10664	7
chr22_KI270875v1_alt	259914	32152	15
chr22_KI270878v1_alt	186262	22419	6
chr22_KI270879v1_alt	304135	38014	13
chr22_KI270876v1_alt	263666	32210	16
chr22_KI270877v1_alt	101331	12842	5
chr22_GL383583v2_alt	96924	11872	0
chr22_GL383582v2_alt	162811	13455	1
chrX_KI270880v1_alt	284869	16463	21
chrX_KI270881v1_alt	144206	6479	0
chr19_KI270882v1_alt	248807	3357	1
chr19_KI270883v1_alt	170399	1339	2
chr19_KI270884v1_alt	157053	711	0
chr19_KI270885v1_alt	171027	1091	0
chr19_KI270886v1_alt	204239	1040	2
chr19_KI270887v1_alt	209512	3761	2
chr19_KI270888v1_alt	155532	609	0
chr19_KI270889v1_alt	170698	1181	0
chr19_KI270890v1_alt	184499	2636	0
chr19_KI270891v1_alt	170680	1216	0
chr1_KI270892v1_alt	162212	14764	10
chr2_KI270894v1_alt	214158	84362	33
chr2_KI270893v1_alt	161218	12444	9
chr3_KI270895v1_alt	162896	4566	1
chr4_KI270896v1_alt	378547	37201	16
chr5_KI270897v1_alt	1144418	111952	39
chr5_KI270898v1_alt	130957	9447	6
chr6_GL000251v2_alt	4795265	179003	84
chr7_KI270899v1_alt	190869	18660	7
chr8_KI270901v1_alt	136959	17675	7
chr8_KI270900v1_alt	318687	23922	10
chr11_KI270902v1_alt	106711	9302	6
chr11_KI270903v1_alt	214625	21402	8
chr12_KI270904v1_alt	572349	44648	22
chr15_KI270906v1_alt	196384	19843	8
chr15_KI270905v1_alt	5161414	605185	165
chr17_KI270907v1_alt	137721	11363	7
chr17_KI270910v1_alt	157099	11951	3
chr17_KI270909v1_alt	325800	17369	3
chr17_JH159148v1_alt	88070	6261	3
chr17_KI270908v1_alt	1423190	168039	36
chr18_KI270912v1_alt	174061	13695	4
chr18_KI270911v1_alt	157710	14399	9
chr19_GL949747v2_alt	729520	19458	9
chr22_KB663609v1_alt	74013	5646	0
chrX_KI270913v1_alt	274009	16434	18
chr19_KI270914v1_alt	205194	1136	1
chr19_KI270915v1_alt	170665	1153	0
chr19_KI270916v1_alt	184516	2349	1
chr19_KI270917v1_alt	190932	1787	2
chr19_KI270918v1_alt	123111	1195	1
chr19_KI270919v1_alt	170701	1319	0
chr19_KI270920v1_alt	198005	1414	0
chr19_KI270921v1_alt	282224	3911	1
chr19_KI270922v1_alt	187935	1748	0
chr19_KI270923v1_alt	189352	1155	1
chr3_KI270924v1_alt	166540	5435	3
chr4_KI270925v1_alt	555799	47401	23
chr6_GL000252v2_alt	4604811	190446	43
chr8_KI270926v1_alt	229282	25118	8
chr11_KI270927v1_alt	218612	23044	7
chr19_GL949748v2_alt	1064304	8180	4
chr22_KI270928v1_alt	176103	11963	4
chr19_KI270929v1_alt	186203	1446	0
chr19_KI270930v1_alt	200773	1009	0
chr19_KI270931v1_alt	170148	1154	0
chr19_KI270932v1_alt	215732	1249	0
chr19_KI270933v1_alt	170537	1041	1
chr19_GL000209v2_alt	177381	2482	1
chr3_KI270934v1_alt	163458	4332	1
chr6_GL000253v2_alt	4677643	132480	49
chr19_GL949749v2_alt	1091841	8769	2
chr3_KI270935v1_alt	197351	7959	1
chr6_GL000254v2_alt	4827813	128392	33
chr19_GL949750v2_alt	1066390	8221	1
chr3_KI270936v1_alt	164170	4518	1
chr6_GL000255v2_alt	4606388	151776	50
chr19_GL949751v2_alt	1002683	8853	5
chr3_KI270937v1_alt	165607	6563	4
chr6_GL000256v2_alt	4929269	143972	50
chr19_GL949752v1_alt	987100	31877	8
chr6_KI270758v1_alt	76752	1209	0
chr19_GL949753v2_alt	796479	18958	7
chr19_KI270938v1_alt	1066800	34555	13
chrM	16569	3138716	854
chrUn_KI270302v1	2274	389	2
chrUn_KI270304v1	2165	186	0
chrUn_KI270303v1	1942	527	0
chrUn_KI270305v1	1472	599	0
chrUn_KI270322v1	21476	4271	2
chrUn_KI270320v1	4416	7038	0
chrUn_KI270310v1	1201	2362	0
chrUn_KI270316v1	1444	155	0
chrUn_KI270315v1	2276	927	0
chrUn_KI270312v1	998	292	0
chrUn_KI270311v1	12399	1012	0
chrUn_KI270317v1	37690	652	1
chrUn_KI270412v1	1179	373	1
chrUn_KI270411v1	2646	834	1
chrUn_KI270414v1	2489	827	1
chrUn_KI270419v1	1029	275	0
chrUn_KI270418v1	2145	788	0
chrUn_KI270420v1	2321	1233	0
chrUn_KI270424v1	2140	225	0
chrUn_KI270417v1	2043	719	0
chrUn_KI270422v1	1445	1205	0
chrUn_KI270423v1	981	509	0
chrUn_KI270425v1	1884	181	0
chrUn_KI270429v1	1361	1112	1
chrUn_KI270442v1	392061	347303	512
chrUn_KI270466v1	1233	41132	11
chrUn_KI270465v1	1774	2145	0
chrUn_KI270467v1	3920	105769	40
chrUn_KI270435v1	92983	51408	93
chrUn_KI270438v1	112505	1018991	323
chrUn_KI270468v1	4055	1779	0
chrUn_KI270510v1	2415	2354	1
chrUn_KI270509v1	2318	2256	0
chrUn_KI270518v1	2186	2225	0
chrUn_KI270508v1	1951	2345	0
chrUn_KI270516v1	1300	1331	0
chrUn_KI270512v1	22689	12316	27
chrUn_KI270519v1	138126	82472	31
chrUn_KI270522v1	5674	1372	0
chrUn_KI270511v1	8127	3512	0
chrUn_KI270515v1	6361	6943	0
chrUn_KI270507v1	5353	4391	3
chrUn_KI270517v1	3253	3543	1
chrUn_KI270529v1	1899	549	0
chrUn_KI270528v1	2983	438	0
chrUn_KI270530v1	2168	447	0
chrUn_KI270539v1	993	76	0
chrUn_KI270538v1	91309	57580	10
chrUn_KI270544v1	1202	1392	0
chrUn_KI270548v1	1599	119	0
chrUn_KI270583v1	1400	1058	0
chrUn_KI270587v1	2969	3621	1
chrUn_KI270580v1	1553	1348	0
chrUn_KI270581v1	7046	2280	1
chrUn_KI270579v1	31033	7222	2
chrUn_KI270589v1	44474	25230	63
chrUn_KI270590v1	4685	7273	2
chrUn_KI270584v1	4513	3363	0
chrUn_KI270582v1	6504	2317	1
chrUn_KI270588v1	6158	4645	1
chrUn_KI270593v1	3041	1889	0
chrUn_KI270591v1	5796	8513	16
chrUn_KI270330v1	1652	5830	2
chrUn_KI270329v1	1040	469	0
chrUn_KI270334v1	1368	142	0
chrUn_KI270333v1	2699	27377	4
chrUn_KI270335v1	1048	121	0
chrUn_KI270338v1	1428	94	0
chrUn_KI270340v1	1428	235	0
chrUn_KI270336v1	1026	7165	3
chrUn_KI270337v1	1121	58952	11
chrUn_KI270363v1	1803	470	0
chrUn_KI270364v1	2855	556	0
chrUn_KI270362v1	3530	1004	0
chrUn_KI270366v1	8320	2266	2
chrUn_KI270378v1	1048	194	0
chrUn_KI270379v1	1045	92	0
chrUn_KI270389v1	1298	196	0
chrUn_KI270390v1	2387	283	0
chrUn_KI270387v1	1537	248	0
chrUn_KI270395v1	1143	956	0
chrUn_KI270396v1	1880	1759	0
chrUn_KI270388v1	1216	181	0
chrUn_KI270394v1	970	169	0
chrUn_KI270386v1	1788	150	0
chrUn_KI270391v1	1484	117	0
chrUn_KI270383v1	1750	340	0
chrUn_KI270393v1	1308	172	0
chrUn_KI270384v1	1658	773	0
chrUn_KI270392v1	971	145	0
chrUn_KI270381v1	1930	406	0
chrUn_KI270385v1	990	76	0
chrUn_KI270382v1	4215	940	0
chrUn_KI270376v1	1136	79	0
chrUn_KI270374v1	2656	212	0
chrUn_KI270372v1	1650	158	0
chrUn_KI270373v1	1451	139	0
chrUn_KI270375v1	2378	324	0
chrUn_KI270371v1	2805	296	0
chrUn_KI270448v1	7992	3860	1
chrUn_KI270521v1	7642	2045	0
chrUn_GL000195v1	182896	64392	13
chrUn_GL000219v1	179198	117241	43
chrUn_GL000220v1	161802	588363	277
chrUn_GL000224v1	179693	235035	58
chrUn_KI270741v1	157432	50966	14
chrUn_GL000226v1	15008	120530	4
chrUn_GL000213v1	164239	10723	8
chrUn_KI270743v1	210658	80637	39
chrUn_KI270744v1	168472	227103	57
chrUn_KI270745v1	41891	9331	4
chrUn_KI270746v1	66486	27442	8
chrUn_KI270747v1	198735	32176	4
chrUn_KI270748v1	93321	14729	10
chrUn_KI270749v1	158759	59011	15
chrUn_KI270750v1	148850	54653	21
chrUn_KI270751v1	150742	120472	53
chrUn_KI270752v1	27745	381	125
chrUn_KI270753v1	62944	16280	7
chrUn_KI270754v1	40191	31423	11
chrUn_KI270755v1	36723	3738	3
chrUn_KI270756v1	79590	38102	80
chrUn_KI270757v1	71251	56620	80
chrUn_GL000214v1	137718	209873	59
chrUn_KI270742v1	186739	124349	33
chrUn_GL000216v2	176608	517324	376
chrUn_GL000218v1	161147	93579	27
chrX	156040895	18232996	6397
chrY	57227415	5917605	4502
chrY_KI270740v1_random	37240	4022	0
*	0	0	998874
