chr1	248956422	53749967	19390
chr10	133797422	30335654	11549
chr11	135086622	29727672	10816
chr11_KI270721v1_random	100316	11176	4
chr12	133275309	29059518	10591
chr13	114364328	21438015	7823
chr14	107043718	19806504	7193
chr14_GL000009v2_random	201709	98906	32
chr14_GL000225v1_random	211173	634559	349
chr14_KI270722v1_random	194050	61499	19
chr14_GL000194v1_random	191469	89787	28
chr14_KI270723v1_random	38115	25354	12
chr14_KI270724v1_random	39555	23580	7
chr14_KI270725v1_random	172810	39306	19
chr14_KI270726v1_random	43739	3969	4
chr15	101991189	18084560	6627
chr15_KI270727v1_random	448248	50740	14
chr16	90338345	19665021	7197
chr16_KI270728v1_random	1872759	124565	68
chr17	83257441	18039823	7157
chr17_GL000205v2_random	185591	114899	61
chr17_KI270729v1_random	280839	448652	251
chr17_KI270730v1_random	112551	88899	370
chr18	80373285	17306306	6321
chr19	58617616	13071759	5119
chr1_KI270706v1_random	175055	59782	24
chr1_KI270707v1_random	32032	9491	4
chr1_KI270708v1_random	127682	32415	12
chr1_KI270709v1_random	66860	560235	141
chr1_KI270710v1_random	40176	13709	14
chr1_KI270711v1_random	42210	34154	9
chr1_KI270712v1_random	176043	38397	33
chr1_KI270713v1_random	40745	26092	3
chr1_KI270714v1_random	41717	9469	2
chr2	242193529	53729083	22590
chr20	64444167	15173776	6026
chr21	46709983	10451175	4624
chr22	50818468	9149213	3660
chr22_KI270731v1_random	150754	27290	63
chr22_KI270732v1_random	41543	20385	8
chr22_KI270733v1_random	179772	680476	315
chr22_KI270734v1_random	165050	76866	71
chr22_KI270735v1_random	42811	81826	126
chr22_KI270736v1_random	181920	220106	977
chr22_KI270737v1_random	103838	42072	45
chr22_KI270738v1_random	99375	22474	4
chr22_KI270739v1_random	73985	8159	4
chr2_KI270715v1_random	161471	29661	9
chr2_KI270716v1_random	153799	28356	8
chr3	198295559	45624988	16317
chr3_GL000221v1_random	155397	69838	26
chr4	190214555	42940264	15552
chr4_GL000008v2_random	209709	100613	90
chr5	181538259	40504810	14516
chr5_GL000208v1_random	92689	32233	7
chr6	170805979	36470946	12943
chr7	159345973	34920741	12674
chr8	145138636	31703573	11364
chr9	138394717	26967984	9686
chr9_KI270717v1_random	40062	6008	0
chr9_KI270718v1_random	38054	11801	6
chr9_KI270719v1_random	176845	52180	21
chr9_KI270720v1_random	39050	15070	6
chr1_KI270762v1_alt	354444	53808	25
chr1_KI270766v1_alt	256271	26813	9
chr1_KI270760v1_alt	109528	12594	8
chr1_KI270765v1_alt	185285	30232	15
chr1_GL383518v1_alt	182439	20230	11
chr1_GL383519v1_alt	110268	10702	3
chr1_GL383520v2_alt	366580	38955	13
chr1_KI270764v1_alt	50258	5766	0
chr1_KI270763v1_alt	911658	100885	38
chr1_KI270759v1_alt	425601	49971	26
chr1_KI270761v1_alt	165834	14755	10
chr2_KI270770v1_alt	136240	16233	4
chr2_KI270773v1_alt	70887	8774	4
chr2_KI270774v1_alt	223625	20625	10
chr2_KI270769v1_alt	120616	12919	2
chr2_GL383521v1_alt	143390	16652	11
chr2_KI270772v1_alt	133041	61866	22
chr2_KI270775v1_alt	138019	14693	5
chr2_KI270771v1_alt	110395	11607	4
chr2_KI270768v1_alt	110099	11779	2
chr2_GL582966v2_alt	96131	10784	5
chr2_GL383522v1_alt	123821	13047	5
chr2_KI270776v1_alt	174166	21609	23
chr2_KI270767v1_alt	161578	11881	7
chr3_JH636055v2_alt	173151	23684	5
chr3_KI270783v1_alt	109187	14023	5
chr3_KI270780v1_alt	224108	28192	11
chr3_GL383526v1_alt	180671	21461	6
chr3_KI270777v1_alt	173649	20701	7
chr3_KI270778v1_alt	248252	24324	8
chr3_KI270781v1_alt	113034	13357	5
chr3_KI270779v1_alt	205312	6750	2
chr3_KI270782v1_alt	162429	19393	6
chr3_KI270784v1_alt	184404	22690	9
chr4_KI270790v1_alt	220246	22746	9
chr4_GL383528v1_alt	376187	35752	18
chr4_KI270787v1_alt	111943	12022	6
chr4_GL000257v2_alt	586476	60642	27
chr4_KI270788v1_alt	158965	15733	6
chr4_GL383527v1_alt	164536	19188	8
chr4_KI270785v1_alt	119912	12735	10
chr4_KI270789v1_alt	205944	21698	7
chr4_KI270786v1_alt	244096	13122	3
chr5_KI270793v1_alt	126136	14668	5
chr5_KI270792v1_alt	179043	22616	13
chr5_KI270791v1_alt	195710	22693	10
chr5_GL383532v1_alt	82728	8165	2
chr5_GL949742v1_alt	226852	21097	1
chr5_KI270794v1_alt	164558	17842	8
chr5_GL339449v2_alt	1612928	164916	49
chr5_GL383530v1_alt	101241	13134	4
chr5_KI270796v1_alt	172708	17029	5
chr5_GL383531v1_alt	173459	19479	5
chr5_KI270795v1_alt	131892	12089	7
chr6_GL000250v2_alt	4672374	68193	28
chr6_KI270800v1_alt	175808	16634	4
chr6_KI270799v1_alt	152148	16460	8
chr6_GL383533v1_alt	124736	17198	4
chr6_KI270801v1_alt	870480	92615	22
chr6_KI270802v1_alt	75005	7397	4
chr6_KB021644v2_alt	185823	18648	5
chr6_KI270797v1_alt	197536	20733	10
chr6_KI270798v1_alt	271782	30746	12
chr7_KI270804v1_alt	157952	14370	3
chr7_KI270809v1_alt	209586	22550	8
chr7_KI270806v1_alt	158166	16590	12
chr7_GL383534v2_alt	119183	12176	4
chr7_KI270803v1_alt	1111570	119570	60
chr7_KI270808v1_alt	271455	32920	9
chr7_KI270807v1_alt	126434	13094	6
chr7_KI270805v1_alt	209988	27306	13
chr8_KI270818v1_alt	145606	17020	5
chr8_KI270812v1_alt	282736	32097	10
chr8_KI270811v1_alt	292436	26212	13
chr8_KI270821v1_alt	985506	106133	33
chr8_KI270813v1_alt	300230	49988	22
chr8_KI270822v1_alt	624492	65881	26
chr8_KI270814v1_alt	141812	18137	6
chr8_KI270810v1_alt	374415	42824	10
chr8_KI270819v1_alt	133535	16554	7
chr8_KI270820v1_alt	36640	4873	2
chr8_KI270817v1_alt	158983	16318	6
chr8_KI270816v1_alt	305841	35042	21
chr8_KI270815v1_alt	132244	15468	3
chr9_GL383539v1_alt	162988	15608	3
chr9_GL383540v1_alt	71551	7355	0
chr9_GL383541v1_alt	171286	24192	3
chr9_GL383542v1_alt	60032	6303	1
chr9_KI270823v1_alt	439082	46091	12
chr10_GL383545v1_alt	179254	19507	9
chr10_KI270824v1_alt	181496	26546	15
chr10_GL383546v1_alt	309802	35457	13
chr10_KI270825v1_alt	188315	19214	8
chr11_KI270832v1_alt	210133	25336	5
chr11_KI270830v1_alt	177092	13279	9
chr11_KI270831v1_alt	296895	30961	19
chr11_KI270829v1_alt	204059	20287	7
chr11_GL383547v1_alt	154407	16868	28
chr11_JH159136v1_alt	200998	22817	9
chr11_JH159137v1_alt	191409	22792	11
chr11_KI270827v1_alt	67707	8425	1
chr11_KI270826v1_alt	186169	21171	9
chr12_GL877875v1_alt	167313	15316	7
chr12_GL877876v1_alt	408271	31830	9
chr12_KI270837v1_alt	40090	2827	0
chr12_GL383549v1_alt	120804	13043	2
chr12_KI270835v1_alt	238139	26626	12
chr12_GL383550v2_alt	169178	20957	7
chr12_GL383552v1_alt	138655	15002	5
chr12_GL383553v2_alt	152874	15996	14
chr12_KI270834v1_alt	119498	13550	10
chr12_GL383551v1_alt	184319	19255	7
chr12_KI270833v1_alt	76061	8603	3
chr12_KI270836v1_alt	56134	4682	2
chr13_KI270840v1_alt	191684	21102	6
chr13_KI270839v1_alt	180306	21501	12
chr13_KI270843v1_alt	103832	11128	2
chr13_KI270841v1_alt	169134	18098	6
chr13_KI270838v1_alt	306913	34944	16
chr13_KI270842v1_alt	37287	3500	2
chr14_KI270844v1_alt	322166	34005	11
chr14_KI270847v1_alt	1511111	169990	50
chr14_KI270845v1_alt	180703	21009	10
chr14_KI270846v1_alt	1351393	156630	83
chr15_KI270852v1_alt	478999	59112	22
chr15_KI270851v1_alt	263054	39458	11
chr15_KI270848v1_alt	327382	28061	10
chr15_GL383554v1_alt	296527	29981	8
chr15_KI270849v1_alt	244917	24432	13
chr15_GL383555v2_alt	388773	47207	21
chr15_KI270850v1_alt	430880	53441	18
chr16_KI270854v1_alt	134193	15002	7
chr16_KI270856v1_alt	63982	8405	1
chr16_KI270855v1_alt	232857	26311	4
chr16_KI270853v1_alt	2659700	339778	141
chr16_GL383556v1_alt	192462	22330	6
chr16_GL383557v1_alt	89672	10291	1
chr17_GL383563v3_alt	375691	36324	25
chr17_KI270862v1_alt	391357	38979	19
chr17_KI270861v1_alt	196688	20932	13
chr17_KI270857v1_alt	2877074	292193	111
chr17_JH159146v1_alt	278131	33086	14
chr17_JH159147v1_alt	70345	8340	1
chr17_GL383564v2_alt	133151	14177	4
chr17_GL000258v2_alt	1821992	64376	50
chr17_GL383565v1_alt	223995	25637	10
chr17_KI270858v1_alt	235827	21007	10
chr17_KI270859v1_alt	108763	12941	4
chr17_GL383566v1_alt	90219	8984	2
chr17_KI270860v1_alt	178921	20808	7
chr18_KI270864v1_alt	111737	12914	3
chr18_GL383567v1_alt	289831	29930	10
chr18_GL383570v1_alt	164789	20110	11
chr18_GL383571v1_alt	198278	17588	3
chr18_GL383568v1_alt	104552	13809	4
chr18_GL383569v1_alt	167950	12508	3
chr18_GL383572v1_alt	159547	12194	9
chr18_KI270863v1_alt	167999	21498	15
chr19_KI270868v1_alt	61734	6770	3
chr19_KI270865v1_alt	52969	5874	2
chr19_GL383573v1_alt	385657	34801	8
chr19_GL383575v2_alt	170222	17514	5
chr19_GL383576v1_alt	188024	21496	7
chr19_GL383574v1_alt	155864	18064	7
chr19_KI270866v1_alt	43156	8732	4
chr19_KI270867v1_alt	233762	24407	8
chr19_GL949746v1_alt	987716	38287	9
chr20_GL383577v2_alt	128386	14121	5
chr20_KI270869v1_alt	118774	15249	8
chr20_KI270871v1_alt	58661	7723	4
chr20_KI270870v1_alt	183433	21590	8
chr21_GL383578v2_alt	63917	7843	0
chr21_KI270874v1_alt	166743	18317	3
chr21_KI270873v1_alt	143900	16400	6
chr21_GL383579v2_alt	201197	20482	5
chr21_GL383580v2_alt	74653	8687	1
chr21_GL383581v2_alt	116689	13838	9
chr21_KI270872v1_alt	82692	10220	6
chr22_KI270875v1_alt	259914	30048	14
chr22_KI270878v1_alt	186262	21565	7
chr22_KI270879v1_alt	304135	36302	18
chr22_KI270876v1_alt	263666	29784	5
chr22_KI270877v1_alt	101331	12562	2
chr22_GL383583v2_alt	96924	10801	3
chr22_GL383582v2_alt	162811	12810	7
chrX_KI270880v1_alt	284869	16053	17
chrX_KI270881v1_alt	144206	5897	0
chr19_KI270882v1_alt	248807	3163	4
chr19_KI270883v1_alt	170399	1178	0
chr19_KI270884v1_alt	157053	661	1
chr19_KI270885v1_alt	171027	1008	0
chr19_KI270886v1_alt	204239	956	2
chr19_KI270887v1_alt	209512	3634	0
chr19_KI270888v1_alt	155532	652	0
chr19_KI270889v1_alt	170698	968	1
chr19_KI270890v1_alt	184499	2501	0
chr19_KI270891v1_alt	170680	1204	0
chr1_KI270892v1_alt	162212	14381	6
chr2_KI270894v1_alt	214158	73631	34
chr2_KI270893v1_alt	161218	11590	5
chr3_KI270895v1_alt	162896	4416	2
chr4_KI270896v1_alt	378547	35857	18
chr5_KI270897v1_alt	1144418	105067	32
chr5_KI270898v1_alt	130957	8438	2
chr6_GL000251v2_alt	4795265	170020	51
chr7_KI270899v1_alt	190869	18473	5
chr8_KI270901v1_alt	136959	17390	7
chr8_KI270900v1_alt	318687	23507	10
chr11_KI270902v1_alt	106711	9132	3
chr11_KI270903v1_alt	214625	20682	8
chr12_KI270904v1_alt	572349	40713	32
chr15_KI270906v1_alt	196384	18494	6
chr15_KI270905v1_alt	5161414	571376	186
chr17_KI270907v1_alt	137721	11241	3
chr17_KI270910v1_alt	157099	11115	7
chr17_KI270909v1_alt	325800	16069	6
chr17_JH159148v1_alt	88070	5628	1
chr17_KI270908v1_alt	1423190	157409	62
chr18_KI270912v1_alt	174061	13359	4
chr18_KI270911v1_alt	157710	13627	9
chr19_GL949747v2_alt	729520	18305	5
chr22_KB663609v1_alt	74013	5390	2
chrX_KI270913v1_alt	274009	15869	10
chr19_KI270914v1_alt	205194	1114	0
chr19_KI270915v1_alt	170665	1005	0
chr19_KI270916v1_alt	184516	2204	0
chr19_KI270917v1_alt	190932	1721	1
chr19_KI270918v1_alt	123111	1066	1
chr19_KI270919v1_alt	170701	1179	0
chr19_KI270920v1_alt	198005	1415	0
chr19_KI270921v1_alt	282224	3688	1
chr19_KI270922v1_alt	187935	1549	1
chr19_KI270923v1_alt	189352	1163	0
chr3_KI270924v1_alt	166540	5215	1
chr4_KI270925v1_alt	555799	45574	16
chr6_GL000252v2_alt	4604811	178274	62
chr8_KI270926v1_alt	229282	23915	4
chr11_KI270927v1_alt	218612	22096	6
chr19_GL949748v2_alt	1064304	7524	2
chr22_KI270928v1_alt	176103	11407	4
chr19_KI270929v1_alt	186203	1350	2
chr19_KI270930v1_alt	200773	1155	0
chr19_KI270931v1_alt	170148	1077	0
chr19_KI270932v1_alt	215732	1388	1
chr19_KI270933v1_alt	170537	1083	0
chr19_GL000209v2_alt	177381	2363	0
chr3_KI270934v1_alt	163458	4073	1
chr6_GL000253v2_alt	4677643	123535	55
chr19_GL949749v2_alt	1091841	8279	1
chr3_KI270935v1_alt	197351	7555	7
chr6_GL000254v2_alt	4827813	120502	42
chr19_GL949750v2_alt	1066390	7734	5
chr3_KI270936v1_alt	164170	4159	1
chr6_GL000255v2_alt	4606388	142727	48
chr19_GL949751v2_alt	1002683	8650	4
chr3_KI270937v1_alt	165607	6313	0
chr6_GL000256v2_alt	4929269	135244	72
chr19_GL949752v1_alt	987100	30171	15
chr6_KI270758v1_alt	76752	1197	2
chr19_GL949753v2_alt	796479	17704	11
chr19_KI270938v1_alt	1066800	32743	10
chrM	16569	5216498	1547
chrUn_KI270302v1	2274	370	0
chrUn_KI270304v1	2165	144	0
chrUn_KI270303v1	1942	478	0
chrUn_KI270305v1	1472	597	0
chrUn_KI270322v1	21476	3455	0
chrUn_KI270320v1	4416	6448	3
chrUn_KI270310v1	1201	1827	0
chrUn_KI270316v1	1444	150	0
chrUn_KI270315v1	2276	806	0
chrUn_KI270312v1	998	259	0
chrUn_KI270311v1	12399	873	0
chrUn_KI270317v1	37690	477	0
chrUn_KI270412v1	1179	309	0
chrUn_KI270411v1	2646	766	0
chrUn_KI270414v1	2489	655	0
chrUn_KI270419v1	1029	220	0
chrUn_KI270418v1	2145	637	0
chrUn_KI270420v1	2321	1331	0
chrUn_KI270424v1	2140	202	1
chrUn_KI270417v1	2043	561	1
chrUn_KI270422v1	1445	1100	0
chrUn_KI270423v1	981	438	1
chrUn_KI270425v1	1884	156	0
chrUn_KI270429v1	1361	873	1
chrUn_KI270442v1	392061	303997	451
chrUn_KI270466v1	1233	48719	19
chrUn_KI270465v1	1774	1510	0
chrUn_KI270467v1	3920	145470	58
chrUn_KI270435v1	92983	45085	63
chrUn_KI270438v1	112505	864363	298
chrUn_KI270468v1	4055	1470	0
chrUn_KI270510v1	2415	2187	1
chrUn_KI270509v1	2318	1783	0
chrUn_KI270518v1	2186	1854	0
chrUn_KI270508v1	1951	2129	0
chrUn_KI270516v1	1300	1150	0
chrUn_KI270512v1	22689	10963	19
chrUn_KI270519v1	138126	70675	35
chrUn_KI270522v1	5674	1100	0
chrUn_KI270511v1	8127	2844	0
chrUn_KI270515v1	6361	5410	3
chrUn_KI270507v1	5353	4152	2
chrUn_KI270517v1	3253	2756	1
chrUn_KI270529v1	1899	537	1
chrUn_KI270528v1	2983	295	0
chrUn_KI270530v1	2168	272	0
chrUn_KI270539v1	993	100	0
chrUn_KI270538v1	91309	49417	11
chrUn_KI270544v1	1202	1178	0
chrUn_KI270548v1	1599	88	0
chrUn_KI270583v1	1400	899	0
chrUn_KI270587v1	2969	2678	2
chrUn_KI270580v1	1553	1051	1
chrUn_KI270581v1	7046	2099	0
chrUn_KI270579v1	31033	6154	1
chrUn_KI270589v1	44474	22269	58
chrUn_KI270590v1	4685	6571	0
chrUn_KI270584v1	4513	2854	1
chrUn_KI270582v1	6504	2248	0
chrUn_KI270588v1	6158	3911	0
chrUn_KI270593v1	3041	1567	0
chrUn_KI270591v1	5796	7517	14
chrUn_KI270330v1	1652	5338	2
chrUn_KI270329v1	1040	372	0
chrUn_KI270334v1	1368	132	0
chrUn_KI270333v1	2699	24933	12
chrUn_KI270335v1	1048	115	0
chrUn_KI270338v1	1428	92	0
chrUn_KI270340v1	1428	179	0
chrUn_KI270336v1	1026	6280	2
chrUn_KI270337v1	1121	49538	18
chrUn_KI270363v1	1803	371	0
chrUn_KI270364v1	2855	487	0
chrUn_KI270362v1	3530	800	0
chrUn_KI270366v1	8320	1990	1
chrUn_KI270378v1	1048	104	0
chrUn_KI270379v1	1045	80	0
chrUn_KI270389v1	1298	205	0
chrUn_KI270390v1	2387	208	0
chrUn_KI270387v1	1537	251	0
chrUn_KI270395v1	1143	757	0
chrUn_KI270396v1	1880	1438	0
chrUn_KI270388v1	1216	135	0
chrUn_KI270394v1	970	155	0
chrUn_KI270386v1	1788	142	0
chrUn_KI270391v1	1484	152	0
chrUn_KI270383v1	1750	284	0
chrUn_KI270393v1	1308	189	0
chrUn_KI270384v1	1658	770	0
chrUn_KI270392v1	971	122	0
chrUn_KI270381v1	1930	334	0
chrUn_KI270385v1	990	57	0
chrUn_KI270382v1	4215	742	0
chrUn_KI270376v1	1136	98	0
chrUn_KI270374v1	2656	129	0
chrUn_KI270372v1	1650	124	0
chrUn_KI270373v1	1451	119	0
chrUn_KI270375v1	2378	275	0
chrUn_KI270371v1	2805	218	0
chrUn_KI270448v1	7992	3411	1
chrUn_KI270521v1	7642	1898	2
chrUn_GL000195v1	182896	59574	16
chrUn_GL000219v1	179198	109788	66
chrUn_GL000220v1	161802	560066	256
chrUn_GL000224v1	179693	226534	77
chrUn_KI270741v1	157432	47931	14
chrUn_GL000226v1	15008	103399	5
chrUn_GL000213v1	164239	10508	6
chrUn_KI270743v1	210658	75361	34
chrUn_KI270744v1	168472	218468	64
chrUn_KI270745v1	41891	8365	3
chrUn_KI270746v1	66486	25569	8
chrUn_KI270747v1	198735	26802	10
chrUn_KI270748v1	93321	13561	7
chrUn_KI270749v1	158759	53934	26
chrUn_KI270750v1	148850	50238	16
chrUn_KI270751v1	150742	113321	42
chrUn_KI270752v1	27745	592	188
chrUn_KI270753v1	62944	15189	7
chrUn_KI270754v1	40191	29655	8
chrUn_KI270755v1	36723	3791	1
chrUn_KI270756v1	79590	32388	67
chrUn_KI270757v1	71251	49934	52
chrUn_GL000214v1	137718	203097	80
chrUn_KI270742v1	186739	117295	41
chrUn_GL000216v2	176608	463050	324
chrUn_GL000218v1	161147	86604	30
chrX	156040895	16941839	6589
chrY	57227415	5378130	4136
chrY_KI270740v1_random	37240	3484	1
*	0	0	906812
