chr1	248956422	53594980	22823
chr10	133797422	30241441	13726
chr11	135086622	29536792	12741
chr11_KI270721v1_random	100316	10976	5
chr12	133275309	28922279	12451
chr13	114364328	21206969	9181
chr14	107043718	19697538	8654
chr14_GL000009v2_random	201709	98698	39
chr14_GL000225v1_random	211173	615586	441
chr14_KI270722v1_random	194050	62257	38
chr14_GL000194v1_random	191469	86605	42
chr14_KI270723v1_random	38115	24901	13
chr14_KI270724v1_random	39555	22720	20
chr14_KI270725v1_random	172810	38009	17
chr14_KI270726v1_random	43739	3844	11
chr15	101991189	18026013	7846
chr15_KI270727v1_random	448248	49929	22
chr16	90338345	19656337	8632
chr16_KI270728v1_random	1872759	122274	76
chr17	83257441	18007780	8515
chr17_GL000205v2_random	185591	114178	49
chr17_KI270729v1_random	280839	467783	289
chr17_KI270730v1_random	112551	90551	350
chr18	80373285	17173128	7432
chr19	58617616	13077894	6087
chr1_KI270706v1_random	175055	58777	29
chr1_KI270707v1_random	32032	9270	8
chr1_KI270708v1_random	127682	32385	11
chr1_KI270709v1_random	66860	582297	161
chr1_KI270710v1_random	40176	14213	3
chr1_KI270711v1_random	42210	34175	12
chr1_KI270712v1_random	176043	37828	33
chr1_KI270713v1_random	40745	26282	9
chr1_KI270714v1_random	41717	9570	4
chr2	242193529	53686105	27789
chr20	64444167	15117091	7121
chr21	46709983	10363310	5325
chr22	50818468	9097861	4448
chr22_KI270731v1_random	150754	26295	28
chr22_KI270732v1_random	41543	19685	10
chr22_KI270733v1_random	179772	676523	314
chr22_KI270734v1_random	165050	74444	49
chr22_KI270735v1_random	42811	82443	156
chr22_KI270736v1_random	181920	220518	1037
chr22_KI270737v1_random	103838	43991	46
chr22_KI270738v1_random	99375	22933	2
chr22_KI270739v1_random	73985	8415	2
chr2_KI270715v1_random	161471	29814	6
chr2_KI270716v1_random	153799	28605	10
chr3	198295559	44940714	18910
chr3_GL000221v1_random	155397	68176	21
chr4	190214555	42499250	17668
chr4_GL000008v2_random	209709	99499	81
chr5	181538259	40278055	17097
chr5_GL000208v1_random	92689	33701	10
chr6	170805979	36220141	15202
chr7	159345973	34728209	14808
chr8	145138636	31473443	13398
chr9	138394717	26803494	11587
chr9_KI270717v1_random	40062	5814	2
chr9_KI270718v1_random	38054	11846	14
chr9_KI270719v1_random	176845	50531	22
chr9_KI270720v1_random	39050	14947	6
chr1_KI270762v1_alt	354444	52928	41
chr1_KI270766v1_alt	256271	27209	10
chr1_KI270760v1_alt	109528	11954	5
chr1_KI270765v1_alt	185285	29625	17
chr1_GL383518v1_alt	182439	20125	8
chr1_GL383519v1_alt	110268	10355	2
chr1_GL383520v2_alt	366580	39275	12
chr1_KI270764v1_alt	50258	5745	4
chr1_KI270763v1_alt	911658	100270	43
chr1_KI270759v1_alt	425601	48862	18
chr1_KI270761v1_alt	165834	14292	13
chr2_KI270770v1_alt	136240	15638	8
chr2_KI270773v1_alt	70887	8310	2
chr2_KI270774v1_alt	223625	20386	12
chr2_KI270769v1_alt	120616	12854	3
chr2_GL383521v1_alt	143390	16491	9
chr2_KI270772v1_alt	133041	62233	20
chr2_KI270775v1_alt	138019	14262	6
chr2_KI270771v1_alt	110395	11611	7
chr2_KI270768v1_alt	110099	11311	4
chr2_GL582966v2_alt	96131	10759	4
chr2_GL383522v1_alt	123821	13077	9
chr2_KI270776v1_alt	174166	20506	22
chr2_KI270767v1_alt	161578	12453	8
chr3_JH636055v2_alt	173151	22646	10
chr3_KI270783v1_alt	109187	13576	8
chr3_KI270780v1_alt	224108	27633	12
chr3_GL383526v1_alt	180671	21422	9
chr3_KI270777v1_alt	173649	20133	10
chr3_KI270778v1_alt	248252	23484	4
chr3_KI270781v1_alt	113034	13375	4
chr3_KI270779v1_alt	205312	6524	2
chr3_KI270782v1_alt	162429	18958	12
chr3_KI270784v1_alt	184404	22506	9
chr4_KI270790v1_alt	220246	22635	12
chr4_GL383528v1_alt	376187	34639	12
chr4_KI270787v1_alt	111943	12156	7
chr4_GL000257v2_alt	586476	60638	23
chr4_KI270788v1_alt	158965	15328	8
chr4_GL383527v1_alt	164536	19211	4
chr4_KI270785v1_alt	119912	13029	8
chr4_KI270789v1_alt	205944	21882	4
chr4_KI270786v1_alt	244096	12762	5
chr5_KI270793v1_alt	126136	14051	10
chr5_KI270792v1_alt	179043	21922	14
chr5_KI270791v1_alt	195710	22659	13
chr5_GL383532v1_alt	82728	7866	0
chr5_GL949742v1_alt	226852	20574	8
chr5_KI270794v1_alt	164558	17466	12
chr5_GL339449v2_alt	1612928	164227	73
chr5_GL383530v1_alt	101241	12731	2
chr5_KI270796v1_alt	172708	17306	3
chr5_GL383531v1_alt	173459	19181	8
chr5_KI270795v1_alt	131892	12177	7
chr6_GL000250v2_alt	4672374	67503	43
chr6_KI270800v1_alt	175808	15762	7
chr6_KI270799v1_alt	152148	15805	10
chr6_GL383533v1_alt	124736	16981	9
chr6_KI270801v1_alt	870480	93457	30
chr6_KI270802v1_alt	75005	7048	3
chr6_KB021644v2_alt	185823	18148	11
chr6_KI270797v1_alt	197536	20292	5
chr6_KI270798v1_alt	271782	29543	18
chr7_KI270804v1_alt	157952	13446	5
chr7_KI270809v1_alt	209586	22485	9
chr7_KI270806v1_alt	158166	15979	5
chr7_GL383534v2_alt	119183	12385	5
chr7_KI270803v1_alt	1111570	119374	54
chr7_KI270808v1_alt	271455	32698	12
chr7_KI270807v1_alt	126434	13142	5
chr7_KI270805v1_alt	209988	26002	20
chr8_KI270818v1_alt	145606	16594	4
chr8_KI270812v1_alt	282736	31470	14
chr8_KI270811v1_alt	292436	25782	11
chr8_KI270821v1_alt	985506	104658	43
chr8_KI270813v1_alt	300230	49413	16
chr8_KI270822v1_alt	624492	63419	20
chr8_KI270814v1_alt	141812	18247	8
chr8_KI270810v1_alt	374415	43215	28
chr8_KI270819v1_alt	133535	16372	9
chr8_KI270820v1_alt	36640	4614	2
chr8_KI270817v1_alt	158983	15830	13
chr8_KI270816v1_alt	305841	34680	14
chr8_KI270815v1_alt	132244	15261	5
chr9_GL383539v1_alt	162988	15948	8
chr9_GL383540v1_alt	71551	7104	4
chr9_GL383541v1_alt	171286	24785	11
chr9_GL383542v1_alt	60032	6489	1
chr9_KI270823v1_alt	439082	45726	24
chr10_GL383545v1_alt	179254	19721	7
chr10_KI270824v1_alt	181496	25683	18
chr10_GL383546v1_alt	309802	35015	19
chr10_KI270825v1_alt	188315	19161	9
chr11_KI270832v1_alt	210133	25169	12
chr11_KI270830v1_alt	177092	13099	11
chr11_KI270831v1_alt	296895	30611	17
chr11_KI270829v1_alt	204059	20055	6
chr11_GL383547v1_alt	154407	16464	30
chr11_JH159136v1_alt	200998	21473	9
chr11_JH159137v1_alt	191409	22050	11
chr11_KI270827v1_alt	67707	8202	5
chr11_KI270826v1_alt	186169	20668	7
chr12_GL877875v1_alt	167313	15835	7
chr12_GL877876v1_alt	408271	31238	14
chr12_KI270837v1_alt	40090	2761	0
chr12_GL383549v1_alt	120804	13230	9
chr12_KI270835v1_alt	238139	26869	11
chr12_GL383550v2_alt	169178	20551	8
chr12_GL383552v1_alt	138655	14832	9
chr12_GL383553v2_alt	152874	16063	10
chr12_KI270834v1_alt	119498	13261	11
chr12_GL383551v1_alt	184319	19986	7
chr12_KI270833v1_alt	76061	8543	0
chr12_KI270836v1_alt	56134	4566	3
chr13_KI270840v1_alt	191684	20610	9
chr13_KI270839v1_alt	180306	21478	6
chr13_KI270843v1_alt	103832	10497	5
chr13_KI270841v1_alt	169134	17830	8
chr13_KI270838v1_alt	306913	34943	13
chr13_KI270842v1_alt	37287	3566	1
chr14_KI270844v1_alt	322166	34298	16
chr14_KI270847v1_alt	1511111	167969	53
chr14_KI270845v1_alt	180703	20196	13
chr14_KI270846v1_alt	1351393	149850	91
chr15_KI270852v1_alt	478999	58939	33
chr15_KI270851v1_alt	263054	39122	23
chr15_KI270848v1_alt	327382	27619	17
chr15_GL383554v1_alt	296527	30065	7
chr15_KI270849v1_alt	244917	24722	9
chr15_GL383555v2_alt	388773	45459	33
chr15_KI270850v1_alt	430880	53211	31
chr16_KI270854v1_alt	134193	15227	4
chr16_KI270856v1_alt	63982	8315	2
chr16_KI270855v1_alt	232857	25982	5
chr16_KI270853v1_alt	2659700	338393	174
chr16_GL383556v1_alt	192462	22141	12
chr16_GL383557v1_alt	89672	10758	3
chr17_GL383563v3_alt	375691	35867	21
chr17_KI270862v1_alt	391357	39240	17
chr17_KI270861v1_alt	196688	20718	15
chr17_KI270857v1_alt	2877074	292797	123
chr17_JH159146v1_alt	278131	33517	11
chr17_JH159147v1_alt	70345	8264	3
chr17_GL383564v2_alt	133151	14081	10
chr17_GL000258v2_alt	1821992	64568	38
chr17_GL383565v1_alt	223995	25523	10
chr17_KI270858v1_alt	235827	21729	5
chr17_KI270859v1_alt	108763	12907	2
chr17_GL383566v1_alt	90219	9260	6
chr17_KI270860v1_alt	178921	20626	13
chr18_KI270864v1_alt	111737	12438	4
chr18_GL383567v1_alt	289831	29993	23
chr18_GL383570v1_alt	164789	20397	5
chr18_GL383571v1_alt	198278	17403	3
chr18_GL383568v1_alt	104552	13660	2
chr18_GL383569v1_alt	167950	11923	4
chr18_GL383572v1_alt	159547	12016	6
chr18_KI270863v1_alt	167999	20379	14
chr19_KI270868v1_alt	61734	6574	10
chr19_KI270865v1_alt	52969	5971	5
chr19_GL383573v1_alt	385657	35016	20
chr19_GL383575v2_alt	170222	17590	11
chr19_GL383576v1_alt	188024	20907	11
chr19_GL383574v1_alt	155864	18056	3
chr19_KI270866v1_alt	43156	8536	4
chr19_KI270867v1_alt	233762	24202	19
chr19_GL949746v1_alt	987716	37637	15
chr20_GL383577v2_alt	128386	14279	1
chr20_KI270869v1_alt	118774	14129	13
chr20_KI270871v1_alt	58661	7440	5
chr20_KI270870v1_alt	183433	21233	15
chr21_GL383578v2_alt	63917	7978	2
chr21_KI270874v1_alt	166743	18363	8
chr21_KI270873v1_alt	143900	16066	6
chr21_GL383579v2_alt	201197	20169	1
chr21_GL383580v2_alt	74653	8679	4
chr21_GL383581v2_alt	116689	14264	1
chr21_KI270872v1_alt	82692	10056	7
chr22_KI270875v1_alt	259914	30064	14
chr22_KI270878v1_alt	186262	21675	6
chr22_KI270879v1_alt	304135	36895	14
chr22_KI270876v1_alt	263666	29519	17
chr22_KI270877v1_alt	101331	11955	12
chr22_GL383583v2_alt	96924	10757	3
chr22_GL383582v2_alt	162811	12502	7
chrX_KI270880v1_alt	284869	15631	22
chrX_KI270881v1_alt	144206	6179	1
chr19_KI270882v1_alt	248807	3220	1
chr19_KI270883v1_alt	170399	1286	0
chr19_KI270884v1_alt	157053	664	0
chr19_KI270885v1_alt	171027	978	1
chr19_KI270886v1_alt	204239	1026	0
chr19_KI270887v1_alt	209512	3462	1
chr19_KI270888v1_alt	155532	618	1
chr19_KI270889v1_alt	170698	1116	0
chr19_KI270890v1_alt	184499	2493	0
chr19_KI270891v1_alt	170680	1190	0
chr1_KI270892v1_alt	162212	14019	8
chr2_KI270894v1_alt	214158	73384	41
chr2_KI270893v1_alt	161218	12352	6
chr3_KI270895v1_alt	162896	4382	2
chr4_KI270896v1_alt	378547	34982	20
chr5_KI270897v1_alt	1144418	104979	41
chr5_KI270898v1_alt	130957	8100	4
chr6_GL000251v2_alt	4795265	169842	74
chr7_KI270899v1_alt	190869	17766	6
chr8_KI270901v1_alt	136959	17043	9
chr8_KI270900v1_alt	318687	22408	9
chr11_KI270902v1_alt	106711	8918	7
chr11_KI270903v1_alt	214625	19728	8
chr12_KI270904v1_alt	572349	40851	33
chr15_KI270906v1_alt	196384	18467	11
chr15_KI270905v1_alt	5161414	566931	204
chr17_KI270907v1_alt	137721	10446	5
chr17_KI270910v1_alt	157099	11199	13
chr17_KI270909v1_alt	325800	16486	7
chr17_JH159148v1_alt	88070	5494	4
chr17_KI270908v1_alt	1423190	157373	63
chr18_KI270912v1_alt	174061	12874	6
chr18_KI270911v1_alt	157710	13327	9
chr19_GL949747v2_alt	729520	18085	10
chr22_KB663609v1_alt	74013	5190	1
chrX_KI270913v1_alt	274009	15375	18
chr19_KI270914v1_alt	205194	1127	1
chr19_KI270915v1_alt	170665	1045	1
chr19_KI270916v1_alt	184516	2157	0
chr19_KI270917v1_alt	190932	1650	1
chr19_KI270918v1_alt	123111	1090	1
chr19_KI270919v1_alt	170701	1249	1
chr19_KI270920v1_alt	198005	1436	0
chr19_KI270921v1_alt	282224	3676	2
chr19_KI270922v1_alt	187935	1556	1
chr19_KI270923v1_alt	189352	1118	0
chr3_KI270924v1_alt	166540	5167	1
chr4_KI270925v1_alt	555799	44899	16
chr6_GL000252v2_alt	4604811	176770	58
chr8_KI270926v1_alt	229282	23524	5
chr11_KI270927v1_alt	218612	21504	12
chr19_GL949748v2_alt	1064304	7683	4
chr22_KI270928v1_alt	176103	11203	5
chr19_KI270929v1_alt	186203	1343	1
chr19_KI270930v1_alt	200773	1121	0
chr19_KI270931v1_alt	170148	1131	0
chr19_KI270932v1_alt	215732	1359	0
chr19_KI270933v1_alt	170537	1114	1
chr19_GL000209v2_alt	177381	2458	0
chr3_KI270934v1_alt	163458	4100	0
chr6_GL000253v2_alt	4677643	123457	62
chr19_GL949749v2_alt	1091841	8105	5
chr3_KI270935v1_alt	197351	7518	7
chr6_GL000254v2_alt	4827813	119530	59
chr19_GL949750v2_alt	1066390	7854	1
chr3_KI270936v1_alt	164170	4133	4
chr6_GL000255v2_alt	4606388	141306	59
chr19_GL949751v2_alt	1002683	8789	2
chr3_KI270937v1_alt	165607	6331	3
chr6_GL000256v2_alt	4929269	134076	59
chr19_GL949752v1_alt	987100	30052	19
chr6_KI270758v1_alt	76752	1096	1
chr19_GL949753v2_alt	796479	17815	7
chr19_KI270938v1_alt	1066800	32253	15
chrM	16569	3090057	1210
chrUn_KI270302v1	2274	355	0
chrUn_KI270304v1	2165	155	0
chrUn_KI270303v1	1942	364	0
chrUn_KI270305v1	1472	515	0
chrUn_KI270322v1	21476	3653	0
chrUn_KI270320v1	4416	6150	1
chrUn_KI270310v1	1201	1580	0
chrUn_KI270316v1	1444	139	0
chrUn_KI270315v1	2276	863	0
chrUn_KI270312v1	998	269	0
chrUn_KI270311v1	12399	801	3
chrUn_KI270317v1	37690	523	0
chrUn_KI270412v1	1179	309	0
chrUn_KI270411v1	2646	729	0
chrUn_KI270414v1	2489	716	0
chrUn_KI270419v1	1029	252	0
chrUn_KI270418v1	2145	608	0
chrUn_KI270420v1	2321	1006	0
chrUn_KI270424v1	2140	200	0
chrUn_KI270417v1	2043	536	1
chrUn_KI270422v1	1445	1048	0
chrUn_KI270423v1	981	473	0
chrUn_KI270425v1	1884	161	0
chrUn_KI270429v1	1361	907	0
chrUn_KI270442v1	392061	311464	431
chrUn_KI270466v1	1233	10868	4
chrUn_KI270465v1	1774	1566	1
chrUn_KI270467v1	3920	34425	19
chrUn_KI270435v1	92983	45514	99
chrUn_KI270438v1	112505	904479	346
chrUn_KI270468v1	4055	1640	0
chrUn_KI270510v1	2415	2201	0
chrUn_KI270509v1	2318	2030	2
chrUn_KI270518v1	2186	1956	0
chrUn_KI270508v1	1951	2248	1
chrUn_KI270516v1	1300	1244	0
chrUn_KI270512v1	22689	11646	24
chrUn_KI270519v1	138126	71801	46
chrUn_KI270522v1	5674	1243	1
chrUn_KI270511v1	8127	3139	0
chrUn_KI270515v1	6361	5599	2
chrUn_KI270507v1	5353	4221	2
chrUn_KI270517v1	3253	2922	0
chrUn_KI270529v1	1899	468	0
chrUn_KI270528v1	2983	345	0
chrUn_KI270530v1	2168	344	0
chrUn_KI270539v1	993	82	0
chrUn_KI270538v1	91309	51578	13
chrUn_KI270544v1	1202	1180	0
chrUn_KI270548v1	1599	77	0
chrUn_KI270583v1	1400	937	0
chrUn_KI270587v1	2969	2811	0
chrUn_KI270580v1	1553	1029	0
chrUn_KI270581v1	7046	2082	2
chrUn_KI270579v1	31033	6380	3
chrUn_KI270589v1	44474	22653	55
chrUn_KI270590v1	4685	6306	1
chrUn_KI270584v1	4513	2975	3
chrUn_KI270582v1	6504	2046	1
chrUn_KI270588v1	6158	4239	1
chrUn_KI270593v1	3041	1631	1
chrUn_KI270591v1	5796	7572	6
chrUn_KI270330v1	1652	5327	0
chrUn_KI270329v1	1040	473	0
chrUn_KI270334v1	1368	137	0
chrUn_KI270333v1	2699	10332	5
chrUn_KI270335v1	1048	98	0
chrUn_KI270338v1	1428	71	0
chrUn_KI270340v1	1428	179	0
chrUn_KI270336v1	1026	3491	1
chrUn_KI270337v1	1121	23337	12
chrUn_KI270363v1	1803	410	0
chrUn_KI270364v1	2855	458	0
chrUn_KI270362v1	3530	772	0
chrUn_KI270366v1	8320	1974	0
chrUn_KI270378v1	1048	159	0
chrUn_KI270379v1	1045	87	0
chrUn_KI270389v1	1298	167	0
chrUn_KI270390v1	2387	174	0
chrUn_KI270387v1	1537	238	0
chrUn_KI270395v1	1143	786	0
chrUn_KI270396v1	1880	1421	0
chrUn_KI270388v1	1216	174	0
chrUn_KI270394v1	970	142	0
chrUn_KI270386v1	1788	136	0
chrUn_KI270391v1	1484	119	0
chrUn_KI270383v1	1750	267	0
chrUn_KI270393v1	1308	201	0
chrUn_KI270384v1	1658	735	0
chrUn_KI270392v1	971	177	0
chrUn_KI270381v1	1930	384	0
chrUn_KI270385v1	990	47	0
chrUn_KI270382v1	4215	754	0
chrUn_KI270376v1	1136	79	0
chrUn_KI270374v1	2656	187	0
chrUn_KI270372v1	1650	110	0
chrUn_KI270373v1	1451	113	0
chrUn_KI270375v1	2378	264	0
chrUn_KI270371v1	2805	250	0
chrUn_KI270448v1	7992	3334	1
chrUn_KI270521v1	7642	2006	0
chrUn_GL000195v1	182896	59432	24
chrUn_GL000219v1	179198	109500	64
chrUn_GL000220v1	161802	550900	262
chrUn_GL000224v1	179693	221197	82
chrUn_KI270741v1	157432	46901	34
chrUn_GL000226v1	15008	102238	2
chrUn_GL000213v1	164239	9884	2
chrUn_KI270743v1	210658	74415	36
chrUn_KI270744v1	168472	216297	68
chrUn_KI270745v1	41891	8722	5
chrUn_KI270746v1	66486	24998	12
chrUn_KI270747v1	198735	27069	20
chrUn_KI270748v1	93321	13386	4
chrUn_KI270749v1	158759	52673	32
chrUn_KI270750v1	148850	49437	14
chrUn_KI270751v1	150742	109352	57
chrUn_KI270752v1	27745	330	93
chrUn_KI270753v1	62944	15457	5
chrUn_KI270754v1	40191	29935	19
chrUn_KI270755v1	36723	3554	0
chrUn_KI270756v1	79590	34935	85
chrUn_KI270757v1	71251	50784	69
chrUn_GL000214v1	137718	200347	99
chrUn_KI270742v1	186739	114343	42
chrUn_GL000216v2	176608	472567	399
chrUn_GL000218v1	161147	85670	36
chrX	156040895	16885175	7752
chrY	57227415	5441523	4450
chrY_KI270740v1_random	37240	3365	1
*	0	0	986782
