chr1	248956422	52368973	18989
chr10	133797422	29345453	11186
chr11	135086622	28725262	10697
chr11_KI270721v1_random	100316	10189	4
chr12	133275309	28103446	10366
chr13	114364328	20840229	7520
chr14	107043718	19152417	7152
chr14_GL000009v2_random	201709	95341	33
chr14_GL000225v1_random	211173	601562	342
chr14_KI270722v1_random	194050	59124	22
chr14_GL000194v1_random	191469	85711	28
chr14_KI270723v1_random	38115	24328	7
chr14_KI270724v1_random	39555	21596	17
chr14_KI270725v1_random	172810	38353	12
chr14_KI270726v1_random	43739	3722	11
chr15	101991189	17428018	6483
chr15_KI270727v1_random	448248	48726	19
chr16	90338345	19148709	7001
chr16_KI270728v1_random	1872759	119311	63
chr17	83257441	17298855	6665
chr17_GL000205v2_random	185591	109648	46
chr17_KI270729v1_random	280839	474937	252
chr17_KI270730v1_random	112551	86286	307
chr18	80373285	16790563	6226
chr19	58617616	12543139	5133
chr1_KI270706v1_random	175055	57980	20
chr1_KI270707v1_random	32032	9110	4
chr1_KI270708v1_random	127682	31256	17
chr1_KI270709v1_random	66860	637928	178
chr1_KI270710v1_random	40176	13510	2
chr1_KI270711v1_random	42210	32475	15
chr1_KI270712v1_random	176043	36566	17
chr1_KI270713v1_random	40745	25439	9
chr1_KI270714v1_random	41717	9067	6
chr2	242193529	51876230	21448
chr20	64444167	14709903	5961
chr21	46709983	10138824	4382
chr22	50818468	8789513	3611
chr22_KI270731v1_random	150754	26928	107
chr22_KI270732v1_random	41543	19907	4
chr22_KI270733v1_random	179772	647788	283
chr22_KI270734v1_random	165050	76317	88
chr22_KI270735v1_random	42811	78517	123
chr22_KI270736v1_random	181920	208867	940
chr22_KI270737v1_random	103838	45496	39
chr22_KI270738v1_random	99375	23904	6
chr22_KI270739v1_random	73985	8681	4
chr2_KI270715v1_random	161471	33958	4
chr2_KI270716v1_random	153799	32147	13
chr3	198295559	44312262	16048
chr3_GL000221v1_random	155397	66180	14
chr4	190214555	41942091	15029
chr4_GL000008v2_random	209709	96251	50
chr5	181538259	39411565	14526
chr5_GL000208v1_random	92689	33842	5
chr6	170805979	35297242	13017
chr7	159345973	33759076	12562
chr8	145138636	30633293	11252
chr9	138394717	26052278	9642
chr9_KI270717v1_random	40062	5776	4
chr9_KI270718v1_random	38054	11651	17
chr9_KI270719v1_random	176845	50086	15
chr9_KI270720v1_random	39050	14249	5
chr1_KI270762v1_alt	354444	51062	11
chr1_KI270766v1_alt	256271	25494	9
chr1_KI270760v1_alt	109528	11714	17
chr1_KI270765v1_alt	185285	28918	14
chr1_GL383518v1_alt	182439	19356	10
chr1_GL383519v1_alt	110268	9825	3
chr1_GL383520v2_alt	366580	38793	15
chr1_KI270764v1_alt	50258	5357	5
chr1_KI270763v1_alt	911658	97148	31
chr1_KI270759v1_alt	425601	46773	17
chr1_KI270761v1_alt	165834	14404	13
chr2_KI270770v1_alt	136240	14927	5
chr2_KI270773v1_alt	70887	7976	2
chr2_KI270774v1_alt	223625	20247	7
chr2_KI270769v1_alt	120616	12130	4
chr2_GL383521v1_alt	143390	15947	10
chr2_KI270772v1_alt	133041	64398	37
chr2_KI270775v1_alt	138019	14334	5
chr2_KI270771v1_alt	110395	11421	2
chr2_KI270768v1_alt	110099	10795	5
chr2_GL582966v2_alt	96131	10388	5
chr2_GL383522v1_alt	123821	12900	5
chr2_KI270776v1_alt	174166	20427	19
chr2_KI270767v1_alt	161578	11401	5
chr3_JH636055v2_alt	173151	22543	6
chr3_KI270783v1_alt	109187	13669	2
chr3_KI270780v1_alt	224108	26214	4
chr3_GL383526v1_alt	180671	20709	8
chr3_KI270777v1_alt	173649	20228	8
chr3_KI270778v1_alt	248252	23458	6
chr3_KI270781v1_alt	113034	12928	7
chr3_KI270779v1_alt	205312	6182	5
chr3_KI270782v1_alt	162429	18482	4
chr3_KI270784v1_alt	184404	21771	7
chr4_KI270790v1_alt	220246	22134	11
chr4_GL383528v1_alt	376187	35436	12
chr4_KI270787v1_alt	111943	11611	2
chr4_GL000257v2_alt	586476	60517	23
chr4_KI270788v1_alt	158965	15593	5
chr4_GL383527v1_alt	164536	18470	10
chr4_KI270785v1_alt	119912	12596	10
chr4_KI270789v1_alt	205944	21473	6
chr4_KI270786v1_alt	244096	12606	7
chr5_KI270793v1_alt	126136	13380	7
chr5_KI270792v1_alt	179043	21054	10
chr5_KI270791v1_alt	195710	21862	7
chr5_GL383532v1_alt	82728	8178	6
chr5_GL949742v1_alt	226852	20885	6
chr5_KI270794v1_alt	164558	17090	7
chr5_GL339449v2_alt	1612928	158092	42
chr5_GL383530v1_alt	101241	12657	6
chr5_KI270796v1_alt	172708	16268	8
chr5_GL383531v1_alt	173459	19151	9
chr5_KI270795v1_alt	131892	12042	5
chr6_GL000250v2_alt	4672374	64458	19
chr6_KI270800v1_alt	175808	15859	8
chr6_KI270799v1_alt	152148	16233	5
chr6_GL383533v1_alt	124736	16969	4
chr6_KI270801v1_alt	870480	91415	27
chr6_KI270802v1_alt	75005	6900	5
chr6_KB021644v2_alt	185823	17254	7
chr6_KI270797v1_alt	197536	19900	6
chr6_KI270798v1_alt	271782	29255	15
chr7_KI270804v1_alt	157952	13017	6
chr7_KI270809v1_alt	209586	21770	5
chr7_KI270806v1_alt	158166	15949	8
chr7_GL383534v2_alt	119183	11863	5
chr7_KI270803v1_alt	1111570	116012	38
chr7_KI270808v1_alt	271455	31200	7
chr7_KI270807v1_alt	126434	12671	4
chr7_KI270805v1_alt	209988	25760	12
chr8_KI270818v1_alt	145606	16395	8
chr8_KI270812v1_alt	282736	30413	12
chr8_KI270811v1_alt	292436	24700	7
chr8_KI270821v1_alt	985506	100458	44
chr8_KI270813v1_alt	300230	47855	21
chr8_KI270822v1_alt	624492	63679	19
chr8_KI270814v1_alt	141812	17710	6
chr8_KI270810v1_alt	374415	40834	18
chr8_KI270819v1_alt	133535	15986	6
chr8_KI270820v1_alt	36640	4395	2
chr8_KI270817v1_alt	158983	15289	11
chr8_KI270816v1_alt	305841	33191	8
chr8_KI270815v1_alt	132244	14976	3
chr9_GL383539v1_alt	162988	15573	6
chr9_GL383540v1_alt	71551	7071	1
chr9_GL383541v1_alt	171286	23670	10
chr9_GL383542v1_alt	60032	6221	6
chr9_KI270823v1_alt	439082	44779	8
chr10_GL383545v1_alt	179254	18607	6
chr10_KI270824v1_alt	181496	26031	15
chr10_GL383546v1_alt	309802	33924	14
chr10_KI270825v1_alt	188315	18141	4
chr11_KI270832v1_alt	210133	24163	8
chr11_KI270830v1_alt	177092	12751	5
chr11_KI270831v1_alt	296895	30214	18
chr11_KI270829v1_alt	204059	19932	5
chr11_GL383547v1_alt	154407	16592	23
chr11_JH159136v1_alt	200998	22064	8
chr11_JH159137v1_alt	191409	21837	11
chr11_KI270827v1_alt	67707	7771	7
chr11_KI270826v1_alt	186169	20467	7
chr12_GL877875v1_alt	167313	15160	13
chr12_GL877876v1_alt	408271	31110	13
chr12_KI270837v1_alt	40090	2656	0
chr12_GL383549v1_alt	120804	12677	6
chr12_KI270835v1_alt	238139	26145	5
chr12_GL383550v2_alt	169178	19676	8
chr12_GL383552v1_alt	138655	14583	10
chr12_GL383553v2_alt	152874	15184	6
chr12_KI270834v1_alt	119498	13103	11
chr12_GL383551v1_alt	184319	18674	15
chr12_KI270833v1_alt	76061	8146	3
chr12_KI270836v1_alt	56134	4516	2
chr13_KI270840v1_alt	191684	20296	7
chr13_KI270839v1_alt	180306	20483	9
chr13_KI270843v1_alt	103832	10674	1
chr13_KI270841v1_alt	169134	18192	3
chr13_KI270838v1_alt	306913	33525	14
chr13_KI270842v1_alt	37287	3578	0
chr14_KI270844v1_alt	322166	33406	16
chr14_KI270847v1_alt	1511111	161317	49
chr14_KI270845v1_alt	180703	19860	8
chr14_KI270846v1_alt	1351393	147597	83
chr15_KI270852v1_alt	478999	57362	26
chr15_KI270851v1_alt	263054	37999	20
chr15_KI270848v1_alt	327382	26245	12
chr15_GL383554v1_alt	296527	29023	9
chr15_KI270849v1_alt	244917	23435	7
chr15_GL383555v2_alt	388773	43454	24
chr15_KI270850v1_alt	430880	51537	18
chr16_KI270854v1_alt	134193	14577	6
chr16_KI270856v1_alt	63982	8084	4
chr16_KI270855v1_alt	232857	25065	8
chr16_KI270853v1_alt	2659700	321392	139
chr16_GL383556v1_alt	192462	21059	9
chr16_GL383557v1_alt	89672	9516	1
chr17_GL383563v3_alt	375691	34376	19
chr17_KI270862v1_alt	391357	37230	14
chr17_KI270861v1_alt	196688	19725	8
chr17_KI270857v1_alt	2877074	279332	93
chr17_JH159146v1_alt	278131	32959	18
chr17_JH159147v1_alt	70345	7670	1
chr17_GL383564v2_alt	133151	13452	3
chr17_GL000258v2_alt	1821992	61944	42
chr17_GL383565v1_alt	223995	24669	11
chr17_KI270858v1_alt	235827	20645	12
chr17_KI270859v1_alt	108763	12374	7
chr17_GL383566v1_alt	90219	8777	4
chr17_KI270860v1_alt	178921	19856	15
chr18_KI270864v1_alt	111737	12740	2
chr18_GL383567v1_alt	289831	28879	15
chr18_GL383570v1_alt	164789	19185	6
chr18_GL383571v1_alt	198278	17194	4
chr18_GL383568v1_alt	104552	13520	5
chr18_GL383569v1_alt	167950	11821	6
chr18_GL383572v1_alt	159547	11661	7
chr18_KI270863v1_alt	167999	19915	9
chr19_KI270868v1_alt	61734	6410	9
chr19_KI270865v1_alt	52969	5587	4
chr19_GL383573v1_alt	385657	33395	12
chr19_GL383575v2_alt	170222	16957	13
chr19_GL383576v1_alt	188024	20301	4
chr19_GL383574v1_alt	155864	16728	6
chr19_KI270866v1_alt	43156	8168	2
chr19_KI270867v1_alt	233762	23680	17
chr19_GL949746v1_alt	987716	35201	14
chr20_GL383577v2_alt	128386	13617	9
chr20_KI270869v1_alt	118774	14024	8
chr20_KI270871v1_alt	58661	7106	7
chr20_KI270870v1_alt	183433	20170	4
chr21_GL383578v2_alt	63917	7699	1
chr21_KI270874v1_alt	166743	17324	3
chr21_KI270873v1_alt	143900	15832	4
chr21_GL383579v2_alt	201197	20446	5
chr21_GL383580v2_alt	74653	8334	2
chr21_GL383581v2_alt	116689	13389	2
chr21_KI270872v1_alt	82692	9534	10
chr22_KI270875v1_alt	259914	28602	14
chr22_KI270878v1_alt	186262	19888	7
chr22_KI270879v1_alt	304135	35107	16
chr22_KI270876v1_alt	263666	28794	11
chr22_KI270877v1_alt	101331	11101	9
chr22_GL383583v2_alt	96924	10250	2
chr22_GL383582v2_alt	162811	11882	3
chrX_KI270880v1_alt	284869	15202	19
chrX_KI270881v1_alt	144206	5875	3
chr19_KI270882v1_alt	248807	2899	1
chr19_KI270883v1_alt	170399	1125	0
chr19_KI270884v1_alt	157053	696	0
chr19_KI270885v1_alt	171027	961	0
chr19_KI270886v1_alt	204239	920	0
chr19_KI270887v1_alt	209512	3387	0
chr19_KI270888v1_alt	155532	642	1
chr19_KI270889v1_alt	170698	1055	0
chr19_KI270890v1_alt	184499	2389	1
chr19_KI270891v1_alt	170680	1109	1
chr1_KI270892v1_alt	162212	13666	10
chr2_KI270894v1_alt	214158	75591	30
chr2_KI270893v1_alt	161218	11448	6
chr3_KI270895v1_alt	162896	4169	0
chr4_KI270896v1_alt	378547	34300	12
chr5_KI270897v1_alt	1144418	100946	36
chr5_KI270898v1_alt	130957	8398	1
chr6_GL000251v2_alt	4795265	161093	69
chr7_KI270899v1_alt	190869	17421	8
chr8_KI270901v1_alt	136959	16306	9
chr8_KI270900v1_alt	318687	21695	11
chr11_KI270902v1_alt	106711	8450	2
chr11_KI270903v1_alt	214625	18707	8
chr12_KI270904v1_alt	572349	39689	31
chr15_KI270906v1_alt	196384	17677	9
chr15_KI270905v1_alt	5161414	545922	193
chr17_KI270907v1_alt	137721	10148	0
chr17_KI270910v1_alt	157099	10905	9
chr17_KI270909v1_alt	325800	15945	8
chr17_JH159148v1_alt	88070	5428	0
chr17_KI270908v1_alt	1423190	149686	55
chr18_KI270912v1_alt	174061	12548	2
chr18_KI270911v1_alt	157710	13031	8
chr19_GL949747v2_alt	729520	17183	7
chr22_KB663609v1_alt	74013	4946	1
chrX_KI270913v1_alt	274009	14964	21
chr19_KI270914v1_alt	205194	1123	0
chr19_KI270915v1_alt	170665	1006	0
chr19_KI270916v1_alt	184516	2014	0
chr19_KI270917v1_alt	190932	1529	0
chr19_KI270918v1_alt	123111	993	0
chr19_KI270919v1_alt	170701	1184	1
chr19_KI270920v1_alt	198005	1384	1
chr19_KI270921v1_alt	282224	3604	1
chr19_KI270922v1_alt	187935	1597	0
chr19_KI270923v1_alt	189352	1054	1
chr3_KI270924v1_alt	166540	4937	3
chr4_KI270925v1_alt	555799	43772	17
chr6_GL000252v2_alt	4604811	169938	62
chr8_KI270926v1_alt	229282	22452	11
chr11_KI270927v1_alt	218612	21024	11
chr19_GL949748v2_alt	1064304	7541	3
chr22_KI270928v1_alt	176103	10640	3
chr19_KI270929v1_alt	186203	1244	0
chr19_KI270930v1_alt	200773	986	0
chr19_KI270931v1_alt	170148	959	0
chr19_KI270932v1_alt	215732	1309	1
chr19_KI270933v1_alt	170537	963	0
chr19_GL000209v2_alt	177381	2170	0
chr3_KI270934v1_alt	163458	3840	1
chr6_GL000253v2_alt	4677643	118650	40
chr19_GL949749v2_alt	1091841	7797	4
chr3_KI270935v1_alt	197351	7315	0
chr6_GL000254v2_alt	4827813	114685	47
chr19_GL949750v2_alt	1066390	7407	2
chr3_KI270936v1_alt	164170	3920	3
chr6_GL000255v2_alt	4606388	135476	59
chr19_GL949751v2_alt	1002683	8209	4
chr3_KI270937v1_alt	165607	5842	1
chr6_GL000256v2_alt	4929269	127847	61
chr19_GL949752v1_alt	987100	28267	8
chr6_KI270758v1_alt	76752	1159	0
chr19_GL949753v2_alt	796479	17164	10
chr19_KI270938v1_alt	1066800	30783	14
chrM	16569	4155403	1342
chrUn_KI270302v1	2274	383	0
chrUn_KI270304v1	2165	173	0
chrUn_KI270303v1	1942	495	0
chrUn_KI270305v1	1472	581	0
chrUn_KI270322v1	21476	3467	0
chrUn_KI270320v1	4416	6124	0
chrUn_KI270310v1	1201	1639	1
chrUn_KI270316v1	1444	104	0
chrUn_KI270315v1	2276	880	1
chrUn_KI270312v1	998	292	0
chrUn_KI270311v1	12399	983	0
chrUn_KI270317v1	37690	513	0
chrUn_KI270412v1	1179	333	0
chrUn_KI270411v1	2646	898	0
chrUn_KI270414v1	2489	681	0
chrUn_KI270419v1	1029	181	0
chrUn_KI270418v1	2145	583	0
chrUn_KI270420v1	2321	1167	0
chrUn_KI270424v1	2140	258	0
chrUn_KI270417v1	2043	530	1
chrUn_KI270422v1	1445	1080	2
chrUn_KI270423v1	981	463	1
chrUn_KI270425v1	1884	178	0
chrUn_KI270429v1	1361	1003	0
chrUn_KI270442v1	392061	309710	436
chrUn_KI270466v1	1233	64180	22
chrUn_KI270465v1	1774	1828	0
chrUn_KI270467v1	3920	199887	73
chrUn_KI270435v1	92983	45365	64
chrUn_KI270438v1	112505	899106	323
chrUn_KI270468v1	4055	1771	0
chrUn_KI270510v1	2415	2016	1
chrUn_KI270509v1	2318	2033	0
chrUn_KI270518v1	2186	1883	0
chrUn_KI270508v1	1951	2191	0
chrUn_KI270516v1	1300	1265	0
chrUn_KI270512v1	22689	11229	17
chrUn_KI270519v1	138126	74303	39
chrUn_KI270522v1	5674	1119	0
chrUn_KI270511v1	8127	3111	1
chrUn_KI270515v1	6361	6063	0
chrUn_KI270507v1	5353	4047	0
chrUn_KI270517v1	3253	3169	0
chrUn_KI270529v1	1899	497	0
chrUn_KI270528v1	2983	363	0
chrUn_KI270530v1	2168	323	0
chrUn_KI270539v1	993	87	0
chrUn_KI270538v1	91309	53267	15
chrUn_KI270544v1	1202	1279	0
chrUn_KI270548v1	1599	109	0
chrUn_KI270583v1	1400	1102	0
chrUn_KI270587v1	2969	2999	1
chrUn_KI270580v1	1553	1200	0
chrUn_KI270581v1	7046	2087	0
chrUn_KI270579v1	31033	6507	2
chrUn_KI270589v1	44474	22358	44
chrUn_KI270590v1	4685	6338	1
chrUn_KI270584v1	4513	2917	1
chrUn_KI270582v1	6504	2152	0
chrUn_KI270588v1	6158	4172	0
chrUn_KI270593v1	3041	1736	0
chrUn_KI270591v1	5796	7619	17
chrUn_KI270330v1	1652	5483	4
chrUn_KI270329v1	1040	442	0
chrUn_KI270334v1	1368	201	0
chrUn_KI270333v1	2699	33133	20
chrUn_KI270335v1	1048	105	0
chrUn_KI270338v1	1428	56	0
chrUn_KI270340v1	1428	194	0
chrUn_KI270336v1	1026	8162	14
chrUn_KI270337v1	1121	65371	22
chrUn_KI270363v1	1803	334	0
chrUn_KI270364v1	2855	524	0
chrUn_KI270362v1	3530	827	0
chrUn_KI270366v1	8320	2184	1
chrUn_KI270378v1	1048	138	0
chrUn_KI270379v1	1045	74	0
chrUn_KI270389v1	1298	206	0
chrUn_KI270390v1	2387	287	0
chrUn_KI270387v1	1537	284	0
chrUn_KI270395v1	1143	839	0
chrUn_KI270396v1	1880	1450	0
chrUn_KI270388v1	1216	163	0
chrUn_KI270394v1	970	180	0
chrUn_KI270386v1	1788	188	0
chrUn_KI270391v1	1484	123	0
chrUn_KI270383v1	1750	230	0
chrUn_KI270393v1	1308	171	0
chrUn_KI270384v1	1658	790	1
chrUn_KI270392v1	971	130	0
chrUn_KI270381v1	1930	347	0
chrUn_KI270385v1	990	81	0
chrUn_KI270382v1	4215	861	1
chrUn_KI270376v1	1136	96	0
chrUn_KI270374v1	2656	154	0
chrUn_KI270372v1	1650	153	0
chrUn_KI270373v1	1451	122	0
chrUn_KI270375v1	2378	258	0
chrUn_KI270371v1	2805	290	0
chrUn_KI270448v1	7992	3337	1
chrUn_KI270521v1	7642	1832	0
chrUn_GL000195v1	182896	57301	27
chrUn_GL000219v1	179198	106037	46
chrUn_GL000220v1	161802	526632	253
chrUn_GL000224v1	179693	215325	76
chrUn_KI270741v1	157432	45912	29
chrUn_GL000226v1	15008	111246	5
chrUn_GL000213v1	164239	9633	7
chrUn_KI270743v1	210658	72217	33
chrUn_KI270744v1	168472	210387	65
chrUn_KI270745v1	41891	8593	0
chrUn_KI270746v1	66486	24218	6
chrUn_KI270747v1	198735	28263	8
chrUn_KI270748v1	93321	13058	3
chrUn_KI270749v1	158759	52565	24
chrUn_KI270750v1	148850	49054	14
chrUn_KI270751v1	150742	109616	43
chrUn_KI270752v1	27745	838	244
chrUn_KI270753v1	62944	14952	13
chrUn_KI270754v1	40191	28017	7
chrUn_KI270755v1	36723	3598	1
chrUn_KI270756v1	79590	33651	84
chrUn_KI270757v1	71251	50487	56
chrUn_GL000214v1	137718	195590	71
chrUn_KI270742v1	186739	112402	52
chrUn_GL000216v2	176608	478666	329
chrUn_GL000218v1	161147	82810	23
chrX	156040895	16404968	6804
chrY	57227415	5301112	3990
chrY_KI270740v1_random	37240	3397	2
*	0	0	929670
