chr1	248956422	60129104	19714
chr10	133797422	33653131	12019
chr11	135086622	32951323	10873
chr11_KI270721v1_random	100316	12132	1
chr12	133275309	32251641	10706
chr13	114364328	23829833	8167
chr14	107043718	21949893	7441
chr14_GL000009v2_random	201709	108443	40
chr14_GL000225v1_random	211173	695643	421
chr14_KI270722v1_random	194050	68647	26
chr14_GL000194v1_random	191469	97587	36
chr14_KI270723v1_random	38115	27596	15
chr14_KI270724v1_random	39555	25738	12
chr14_KI270725v1_random	172810	42732	14
chr14_KI270726v1_random	43739	4226	18
chr15	101991189	20026687	6870
chr15_KI270727v1_random	448248	55424	20
chr16	90338345	22056087	7566
chr16_KI270728v1_random	1872759	136535	56
chr17	83257441	19971208	7550
chr17_GL000205v2_random	185591	126980	39
chr17_KI270729v1_random	280839	547922	272
chr17_KI270730v1_random	112551	99299	401
chr18	80373285	19200040	6340
chr19	58617616	14538565	5504
chr1_KI270706v1_random	175055	66395	19
chr1_KI270707v1_random	32032	9922	5
chr1_KI270708v1_random	127682	36140	15
chr1_KI270709v1_random	66860	738636	146
chr1_KI270710v1_random	40176	15271	7
chr1_KI270711v1_random	42210	37095	10
chr1_KI270712v1_random	176043	41953	25
chr1_KI270713v1_random	40745	28897	10
chr1_KI270714v1_random	41717	10545	2
chr2	242193529	59400395	22950
chr20	64444167	16892621	6315
chr21	46709983	11648967	4766
chr22	50818468	10147248	4101
chr22_KI270731v1_random	150754	29719	196
chr22_KI270732v1_random	41543	23076	14
chr22_KI270733v1_random	179772	753977	321
chr22_KI270734v1_random	165050	90665	122
chr22_KI270735v1_random	42811	91442	168
chr22_KI270736v1_random	181920	239121	1151
chr22_KI270737v1_random	103838	51783	50
chr22_KI270738v1_random	99375	27625	10
chr22_KI270739v1_random	73985	9697	0
chr2_KI270715v1_random	161471	39607	13
chr2_KI270716v1_random	153799	37635	11
chr3	198295559	50545112	16435
chr3_GL000221v1_random	155397	76080	19
chr4	190214555	47994749	15425
chr4_GL000008v2_random	209709	110921	97
chr5	181538259	45111637	14780
chr5_GL000208v1_random	92689	37867	5
chr6	170805979	40404725	13077
chr7	159345973	38723165	12634
chr8	145138636	35068554	11824
chr9	138394717	29889423	9990
chr9_KI270717v1_random	40062	6755	2
chr9_KI270718v1_random	38054	12920	10
chr9_KI270719v1_random	176845	57542	20
chr9_KI270720v1_random	39050	16142	9
chr1_KI270762v1_alt	354444	58708	15
chr1_KI270766v1_alt	256271	29388	14
chr1_KI270760v1_alt	109528	13254	10
chr1_KI270765v1_alt	185285	33901	8
chr1_GL383518v1_alt	182439	22746	8
chr1_GL383519v1_alt	110268	11837	1
chr1_GL383520v2_alt	366580	44095	12
chr1_KI270764v1_alt	50258	6142	1
chr1_KI270763v1_alt	911658	112250	43
chr1_KI270759v1_alt	425601	54602	18
chr1_KI270761v1_alt	165834	15849	11
chr2_KI270770v1_alt	136240	17291	13
chr2_KI270773v1_alt	70887	9349	6
chr2_KI270774v1_alt	223625	22708	8
chr2_KI270769v1_alt	120616	14179	3
chr2_GL383521v1_alt	143390	18010	10
chr2_KI270772v1_alt	133041	73771	36
chr2_KI270775v1_alt	138019	16349	4
chr2_KI270771v1_alt	110395	13157	4
chr2_KI270768v1_alt	110099	12361	2
chr2_GL582966v2_alt	96131	11611	3
chr2_GL383522v1_alt	123821	14477	2
chr2_KI270776v1_alt	174166	23111	21
chr2_KI270767v1_alt	161578	13238	3
chr3_JH636055v2_alt	173151	25434	4
chr3_KI270783v1_alt	109187	15581	2
chr3_KI270780v1_alt	224108	29978	10
chr3_GL383526v1_alt	180671	23859	10
chr3_KI270777v1_alt	173649	22640	7
chr3_KI270778v1_alt	248252	27239	14
chr3_KI270781v1_alt	113034	14745	9
chr3_KI270779v1_alt	205312	7233	6
chr3_KI270782v1_alt	162429	21206	9
chr3_KI270784v1_alt	184404	25083	7
chr4_KI270790v1_alt	220246	24906	8
chr4_GL383528v1_alt	376187	40898	16
chr4_KI270787v1_alt	111943	13315	7
chr4_GL000257v2_alt	586476	69124	26
chr4_KI270788v1_alt	158965	17340	6
chr4_GL383527v1_alt	164536	21277	11
chr4_KI270785v1_alt	119912	14524	5
chr4_KI270789v1_alt	205944	24708	7
chr4_KI270786v1_alt	244096	13710	10
chr5_KI270793v1_alt	126136	15715	2
chr5_KI270792v1_alt	179043	24028	21
chr5_KI270791v1_alt	195710	24250	10
chr5_GL383532v1_alt	82728	9247	1
chr5_GL949742v1_alt	226852	23788	9
chr5_KI270794v1_alt	164558	20032	6
chr5_GL339449v2_alt	1612928	183837	46
chr5_GL383530v1_alt	101241	14219	6
chr5_KI270796v1_alt	172708	18928	6
chr5_GL383531v1_alt	173459	21494	5
chr5_KI270795v1_alt	131892	13610	6
chr6_GL000250v2_alt	4672374	74807	28
chr6_KI270800v1_alt	175808	18480	4
chr6_KI270799v1_alt	152148	18640	4
chr6_GL383533v1_alt	124736	19745	7
chr6_KI270801v1_alt	870480	104512	31
chr6_KI270802v1_alt	75005	7870	3
chr6_KB021644v2_alt	185823	19940	11
chr6_KI270797v1_alt	197536	22590	5
chr6_KI270798v1_alt	271782	33086	11
chr7_KI270804v1_alt	157952	15369	6
chr7_KI270809v1_alt	209586	24899	9
chr7_KI270806v1_alt	158166	18020	7
chr7_GL383534v2_alt	119183	13587	2
chr7_KI270803v1_alt	1111570	130729	48
chr7_KI270808v1_alt	271455	35603	11
chr7_KI270807v1_alt	126434	14464	6
chr7_KI270805v1_alt	209988	29183	14
chr8_KI270818v1_alt	145606	18667	6
chr8_KI270812v1_alt	282736	34297	12
chr8_KI270811v1_alt	292436	28218	11
chr8_KI270821v1_alt	985506	115488	31
chr8_KI270813v1_alt	300230	54117	10
chr8_KI270822v1_alt	624492	72278	22
chr8_KI270814v1_alt	141812	19910	4
chr8_KI270810v1_alt	374415	47695	18
chr8_KI270819v1_alt	133535	18318	3
chr8_KI270820v1_alt	36640	5374	1
chr8_KI270817v1_alt	158983	17738	9
chr8_KI270816v1_alt	305841	38021	18
chr8_KI270815v1_alt	132244	16727	4
chr9_GL383539v1_alt	162988	18069	4
chr9_GL383540v1_alt	71551	8155	4
chr9_GL383541v1_alt	171286	27301	11
chr9_GL383542v1_alt	60032	6900	2
chr9_KI270823v1_alt	439082	50613	17
chr10_GL383545v1_alt	179254	21656	5
chr10_KI270824v1_alt	181496	28928	17
chr10_GL383546v1_alt	309802	38515	10
chr10_KI270825v1_alt	188315	21146	10
chr11_KI270832v1_alt	210133	28009	10
chr11_KI270830v1_alt	177092	14583	6
chr11_KI270831v1_alt	296895	34138	12
chr11_KI270829v1_alt	204059	22243	6
chr11_GL383547v1_alt	154407	18922	24
chr11_JH159136v1_alt	200998	25313	7
chr11_JH159137v1_alt	191409	24859	8
chr11_KI270827v1_alt	67707	9218	2
chr11_KI270826v1_alt	186169	23138	4
chr12_GL877875v1_alt	167313	17437	8
chr12_GL877876v1_alt	408271	34730	10
chr12_KI270837v1_alt	40090	2985	2
chr12_GL383549v1_alt	120804	14266	8
chr12_KI270835v1_alt	238139	29634	5
chr12_GL383550v2_alt	169178	23208	5
chr12_GL383552v1_alt	138655	16721	5
chr12_GL383553v2_alt	152874	17623	5
chr12_KI270834v1_alt	119498	15019	15
chr12_GL383551v1_alt	184319	21755	12
chr12_KI270833v1_alt	76061	9419	1
chr12_KI270836v1_alt	56134	4968	3
chr13_KI270840v1_alt	191684	22910	7
chr13_KI270839v1_alt	180306	23557	11
chr13_KI270843v1_alt	103832	11852	0
chr13_KI270841v1_alt	169134	20914	6
chr13_KI270838v1_alt	306913	38102	12
chr13_KI270842v1_alt	37287	4057	1
chr14_KI270844v1_alt	322166	37409	12
chr14_KI270847v1_alt	1511111	185402	56
chr14_KI270845v1_alt	180703	22850	10
chr14_KI270846v1_alt	1351393	166073	87
chr15_KI270852v1_alt	478999	65505	26
chr15_KI270851v1_alt	263054	43983	12
chr15_KI270848v1_alt	327382	30251	9
chr15_GL383554v1_alt	296527	32966	19
chr15_KI270849v1_alt	244917	27612	16
chr15_GL383555v2_alt	388773	51088	37
chr15_KI270850v1_alt	430880	58545	19
chr16_KI270854v1_alt	134193	16596	9
chr16_KI270856v1_alt	63982	9189	3
chr16_KI270855v1_alt	232857	28582	12
chr16_KI270853v1_alt	2659700	372317	149
chr16_GL383556v1_alt	192462	24731	6
chr16_GL383557v1_alt	89672	11456	3
chr17_GL383563v3_alt	375691	39624	24
chr17_KI270862v1_alt	391357	42440	16
chr17_KI270861v1_alt	196688	23264	7
chr17_KI270857v1_alt	2877074	320196	103
chr17_JH159146v1_alt	278131	37353	14
chr17_JH159147v1_alt	70345	8927	1
chr17_GL383564v2_alt	133151	15448	4
chr17_GL000258v2_alt	1821992	70675	41
chr17_GL383565v1_alt	223995	28607	7
chr17_KI270858v1_alt	235827	24049	12
chr17_KI270859v1_alt	108763	14370	5
chr17_GL383566v1_alt	90219	10271	0
chr17_KI270860v1_alt	178921	23100	13
chr18_KI270864v1_alt	111737	14722	3
chr18_GL383567v1_alt	289831	32742	16
chr18_GL383570v1_alt	164789	22272	11
chr18_GL383571v1_alt	198278	19448	6
chr18_GL383568v1_alt	104552	15304	8
chr18_GL383569v1_alt	167950	13348	5
chr18_GL383572v1_alt	159547	13407	8
chr18_KI270863v1_alt	167999	22982	15
chr19_KI270868v1_alt	61734	7550	4
chr19_KI270865v1_alt	52969	6382	5
chr19_GL383573v1_alt	385657	38125	14
chr19_GL383575v2_alt	170222	19531	5
chr19_GL383576v1_alt	188024	23460	5
chr19_GL383574v1_alt	155864	19547	7
chr19_KI270866v1_alt	43156	9373	3
chr19_KI270867v1_alt	233762	27221	11
chr19_GL949746v1_alt	987716	42528	11
chr20_GL383577v2_alt	128386	15409	6
chr20_KI270869v1_alt	118774	15741	7
chr20_KI270871v1_alt	58661	8034	7
chr20_KI270870v1_alt	183433	23122	7
chr21_GL383578v2_alt	63917	8539	3
chr21_KI270874v1_alt	166743	20430	5
chr21_KI270873v1_alt	143900	18211	3
chr21_GL383579v2_alt	201197	22904	6
chr21_GL383580v2_alt	74653	9185	1
chr21_GL383581v2_alt	116689	14945	2
chr21_KI270872v1_alt	82692	11053	9
chr22_KI270875v1_alt	259914	32937	10
chr22_KI270878v1_alt	186262	23967	7
chr22_KI270879v1_alt	304135	39963	16
chr22_KI270876v1_alt	263666	32516	15
chr22_KI270877v1_alt	101331	12943	7
chr22_GL383583v2_alt	96924	11927	3
chr22_GL383582v2_alt	162811	14322	7
chrX_KI270880v1_alt	284869	17382	30
chrX_KI270881v1_alt	144206	6757	2
chr19_KI270882v1_alt	248807	3244	1
chr19_KI270883v1_alt	170399	1327	1
chr19_KI270884v1_alt	157053	717	0
chr19_KI270885v1_alt	171027	1052	0
chr19_KI270886v1_alt	204239	1007	0
chr19_KI270887v1_alt	209512	3753	1
chr19_KI270888v1_alt	155532	739	0
chr19_KI270889v1_alt	170698	1258	0
chr19_KI270890v1_alt	184499	2723	1
chr19_KI270891v1_alt	170680	1342	0
chr1_KI270892v1_alt	162212	15459	13
chr2_KI270894v1_alt	214158	86121	29
chr2_KI270893v1_alt	161218	13316	4
chr3_KI270895v1_alt	162896	4835	1
chr4_KI270896v1_alt	378547	38775	17
chr5_KI270897v1_alt	1144418	116359	40
chr5_KI270898v1_alt	130957	9375	2
chr6_GL000251v2_alt	4795265	185007	73
chr7_KI270899v1_alt	190869	19609	5
chr8_KI270901v1_alt	136959	18707	11
chr8_KI270900v1_alt	318687	24976	3
chr11_KI270902v1_alt	106711	10168	2
chr11_KI270903v1_alt	214625	21874	6
chr12_KI270904v1_alt	572349	45470	23
chr15_KI270906v1_alt	196384	20027	9
chr15_KI270905v1_alt	5161414	623702	207
chr17_KI270907v1_alt	137721	11863	4
chr17_KI270910v1_alt	157099	12249	7
chr17_KI270909v1_alt	325800	18575	2
chr17_JH159148v1_alt	88070	6192	4
chr17_KI270908v1_alt	1423190	172729	50
chr18_KI270912v1_alt	174061	14111	5
chr18_KI270911v1_alt	157710	14997	5
chr19_GL949747v2_alt	729520	20094	6
chr22_KB663609v1_alt	74013	5663	1
chrX_KI270913v1_alt	274009	17647	17
chr19_KI270914v1_alt	205194	1249	0
chr19_KI270915v1_alt	170665	1119	1
chr19_KI270916v1_alt	184516	2511	1
chr19_KI270917v1_alt	190932	1890	1
chr19_KI270918v1_alt	123111	1148	0
chr19_KI270919v1_alt	170701	1311	0
chr19_KI270920v1_alt	198005	1645	1
chr19_KI270921v1_alt	282224	4060	3
chr19_KI270922v1_alt	187935	1861	0
chr19_KI270923v1_alt	189352	1240	0
chr3_KI270924v1_alt	166540	5516	2
chr4_KI270925v1_alt	555799	49361	10
chr6_GL000252v2_alt	4604811	196902	62
chr8_KI270926v1_alt	229282	25871	7
chr11_KI270927v1_alt	218612	24517	7
chr19_GL949748v2_alt	1064304	8454	2
chr22_KI270928v1_alt	176103	12276	1
chr19_KI270929v1_alt	186203	1484	0
chr19_KI270930v1_alt	200773	1222	0
chr19_KI270931v1_alt	170148	1182	0
chr19_KI270932v1_alt	215732	1371	0
chr19_KI270933v1_alt	170537	1192	0
chr19_GL000209v2_alt	177381	2598	0
chr3_KI270934v1_alt	163458	4432	3
chr6_GL000253v2_alt	4677643	136173	52
chr19_GL949749v2_alt	1091841	8901	4
chr3_KI270935v1_alt	197351	8548	4
chr6_GL000254v2_alt	4827813	131588	50
chr19_GL949750v2_alt	1066390	8195	3
chr3_KI270936v1_alt	164170	4515	1
chr6_GL000255v2_alt	4606388	156598	56
chr19_GL949751v2_alt	1002683	9168	7
chr3_KI270937v1_alt	165607	6935	2
chr6_GL000256v2_alt	4929269	148882	67
chr19_GL949752v1_alt	987100	32822	9
chr6_KI270758v1_alt	76752	1304	0
chr19_GL949753v2_alt	796479	19486	10
chr19_KI270938v1_alt	1066800	35864	13
chrM	16569	3951031	1125
chrUn_KI270302v1	2274	395	0
chrUn_KI270304v1	2165	180	0
chrUn_KI270303v1	1942	566	0
chrUn_KI270305v1	1472	586	0
chrUn_KI270322v1	21476	4152	1
chrUn_KI270320v1	4416	7022	2
chrUn_KI270310v1	1201	2293	0
chrUn_KI270316v1	1444	159	0
chrUn_KI270315v1	2276	935	0
chrUn_KI270312v1	998	275	0
chrUn_KI270311v1	12399	1051	1
chrUn_KI270317v1	37690	717	0
chrUn_KI270412v1	1179	392	0
chrUn_KI270411v1	2646	951	1
chrUn_KI270414v1	2489	804	1
chrUn_KI270419v1	1029	232	0
chrUn_KI270418v1	2145	757	1
chrUn_KI270420v1	2321	1347	0
chrUn_KI270424v1	2140	295	0
chrUn_KI270417v1	2043	581	0
chrUn_KI270422v1	1445	1344	0
chrUn_KI270423v1	981	592	0
chrUn_KI270425v1	1884	228	0
chrUn_KI270429v1	1361	1091	0
chrUn_KI270442v1	392061	355256	466
chrUn_KI270466v1	1233	73540	20
chrUn_KI270465v1	1774	2305	0
chrUn_KI270467v1	3920	224464	71
chrUn_KI270435v1	92983	52140	77
chrUn_KI270438v1	112505	1023752	367
chrUn_KI270468v1	4055	2052	1
chrUn_KI270510v1	2415	2422	0
chrUn_KI270509v1	2318	2400	2
chrUn_KI270518v1	2186	2288	0
chrUn_KI270508v1	1951	2540	0
chrUn_KI270516v1	1300	1544	0
chrUn_KI270512v1	22689	12917	36
chrUn_KI270519v1	138126	85163	58
chrUn_KI270522v1	5674	1353	1
chrUn_KI270511v1	8127	3945	0
chrUn_KI270515v1	6361	6989	1
chrUn_KI270507v1	5353	4714	5
chrUn_KI270517v1	3253	3677	0
chrUn_KI270529v1	1899	680	1
chrUn_KI270528v1	2983	394	0
chrUn_KI270530v1	2168	522	1
chrUn_KI270539v1	993	78	1
chrUn_KI270538v1	91309	59422	15
chrUn_KI270544v1	1202	1594	0
chrUn_KI270548v1	1599	126	0
chrUn_KI270583v1	1400	1062	0
chrUn_KI270587v1	2969	3631	0
chrUn_KI270580v1	1553	1325	0
chrUn_KI270581v1	7046	2274	3
chrUn_KI270579v1	31033	7230	0
chrUn_KI270589v1	44474	26043	56
chrUn_KI270590v1	4685	7294	1
chrUn_KI270584v1	4513	3291	0
chrUn_KI270582v1	6504	2336	1
chrUn_KI270588v1	6158	5045	1
chrUn_KI270593v1	3041	2035	1
chrUn_KI270591v1	5796	8685	18
chrUn_KI270330v1	1652	5755	2
chrUn_KI270329v1	1040	522	1
chrUn_KI270334v1	1368	205	0
chrUn_KI270333v1	2699	38463	13
chrUn_KI270335v1	1048	123	0
chrUn_KI270338v1	1428	77	0
chrUn_KI270340v1	1428	229	0
chrUn_KI270336v1	1026	9040	6
chrUn_KI270337v1	1121	74067	22
chrUn_KI270363v1	1803	371	0
chrUn_KI270364v1	2855	567	0
chrUn_KI270362v1	3530	899	0
chrUn_KI270366v1	8320	2342	0
chrUn_KI270378v1	1048	118	0
chrUn_KI270379v1	1045	102	0
chrUn_KI270389v1	1298	195	0
chrUn_KI270390v1	2387	250	0
chrUn_KI270387v1	1537	262	0
chrUn_KI270395v1	1143	1077	1
chrUn_KI270396v1	1880	1776	0
chrUn_KI270388v1	1216	173	0
chrUn_KI270394v1	970	212	0
chrUn_KI270386v1	1788	169	0
chrUn_KI270391v1	1484	137	0
chrUn_KI270383v1	1750	325	0
chrUn_KI270393v1	1308	172	0
chrUn_KI270384v1	1658	951	0
chrUn_KI270392v1	971	200	0
chrUn_KI270381v1	1930	377	0
chrUn_KI270385v1	990	98	0
chrUn_KI270382v1	4215	1030	0
chrUn_KI270376v1	1136	93	0
chrUn_KI270374v1	2656	197	0
chrUn_KI270372v1	1650	152	0
chrUn_KI270373v1	1451	167	0
chrUn_KI270375v1	2378	296	0
chrUn_KI270371v1	2805	266	0
chrUn_KI270448v1	7992	4038	0
chrUn_KI270521v1	7642	2306	0
chrUn_GL000195v1	182896	66297	17
chrUn_GL000219v1	179198	122445	53
chrUn_GL000220v1	161802	616540	263
chrUn_GL000224v1	179693	244068	70
chrUn_KI270741v1	157432	52360	17
chrUn_GL000226v1	15008	125201	3
chrUn_GL000213v1	164239	11241	9
chrUn_KI270743v1	210658	82268	36
chrUn_KI270744v1	168472	239597	74
chrUn_KI270745v1	41891	9498	5
chrUn_KI270746v1	66486	28097	11
chrUn_KI270747v1	198735	32420	7
chrUn_KI270748v1	93321	14951	3
chrUn_KI270749v1	158759	60027	20
chrUn_KI270750v1	148850	56032	26
chrUn_KI270751v1	150742	123912	56
chrUn_KI270752v1	27745	604	174
chrUn_KI270753v1	62944	16681	6
chrUn_KI270754v1	40191	33074	18
chrUn_KI270755v1	36723	4040	1
chrUn_KI270756v1	79590	38962	85
chrUn_KI270757v1	71251	58337	67
chrUn_GL000214v1	137718	218686	63
chrUn_KI270742v1	186739	127733	43
chrUn_GL000216v2	176608	537813	439
chrUn_GL000218v1	161147	96165	25
chrX	156040895	18786518	6688
chrY	57227415	6060680	4460
chrY_KI270740v1_random	37240	3877	0
*	0	0	1052626
