chr1	248956422	42961917	121417
chr10	133797422	24030395	67537
chr11	135086622	23591550	64403
chr11_KI270721v1_random	100316	8270	10
chr12	133275309	23089274	65197
chr13	114364328	17154575	44105
chr14	107043718	15725156	46003
chr14_GL000009v2_random	201709	77490	118
chr14_GL000225v1_random	211173	485380	911
chr14_KI270722v1_random	194050	49487	97
chr14_GL000194v1_random	191469	69828	149
chr14_KI270723v1_random	38115	19200	43
chr14_KI270724v1_random	39555	17802	46
chr14_KI270725v1_random	172810	30522	69
chr14_KI270726v1_random	43739	2808	13
chr15	101991189	14277557	39615
chr15_KI270727v1_random	448248	39301	101
chr16	90338345	15653949	46043
chr16_KI270728v1_random	1872759	96158	298
chr17	83257441	14097259	43484
chr17_GL000205v2_random	185591	90574	171
chr17_KI270729v1_random	280839	381173	601
chr17_KI270730v1_random	112551	68639	368
chr18	80373285	13811164	36609
chr19	58617616	10152718	34370
chr1_KI270706v1_random	175055	46171	88
chr1_KI270707v1_random	32032	7263	13
chr1_KI270708v1_random	127682	25288	60
chr1_KI270709v1_random	66860	541859	643
chr1_KI270710v1_random	40176	11042	14
chr1_KI270711v1_random	42210	26428	55
chr1_KI270712v1_random	176043	29437	76
chr1_KI270713v1_random	40745	20513	42
chr1_KI270714v1_random	41717	7131	33
chr2	242193529	43140169	311782
chr20	64444167	12017418	31960
chr21	46709983	8280212	26662
chr22	50818468	7112601	18561
chr22_KI270731v1_random	150754	20992	111
chr22_KI270732v1_random	41543	16152	31
chr22_KI270733v1_random	179772	509504	2334
chr22_KI270734v1_random	165050	67172	130
chr22_KI270735v1_random	42811	64489	197
chr22_KI270736v1_random	181920	167335	946
chr22_KI270737v1_random	103838	36079	90
chr22_KI270738v1_random	99375	19839	29
chr22_KI270739v1_random	73985	7480	18
chr2_KI270715v1_random	161471	29431	36
chr2_KI270716v1_random	153799	27871	30
chr3	198295559	36506202	94586
chr3_GL000221v1_random	155397	54170	81
chr4	190214555	34506986	87541
chr4_GL000008v2_random	209709	77608	135
chr5	181538259	32417437	88625
chr5_GL000208v1_random	92689	28304	22
chr6	170805979	29066646	83198
chr7	159345973	27709787	75042
chr8	145138636	25193186	66820
chr9	138394717	21363679	56436
chr9_KI270717v1_random	40062	4755	9
chr9_KI270718v1_random	38054	9256	25
chr9_KI270719v1_random	176845	41003	63
chr9_KI270720v1_random	39050	11700	24
chr1_KI270762v1_alt	354444	40095	84
chr1_KI270766v1_alt	256271	20736	87
chr1_KI270760v1_alt	109528	9425	18
chr1_KI270765v1_alt	185285	24053	294
chr1_GL383518v1_alt	182439	15539	50
chr1_GL383519v1_alt	110268	7947	38
chr1_GL383520v2_alt	366580	32379	72
chr1_KI270764v1_alt	50258	4422	6
chr1_KI270763v1_alt	911658	79893	239
chr1_KI270759v1_alt	425601	38420	183
chr1_KI270761v1_alt	165834	11333	21
chr2_KI270770v1_alt	136240	12543	21
chr2_KI270773v1_alt	70887	6552	17
chr2_KI270774v1_alt	223625	15425	46
chr2_KI270769v1_alt	120616	9967	25
chr2_GL383521v1_alt	143390	13314	24
chr2_KI270772v1_alt	133041	52182	91
chr2_KI270775v1_alt	138019	11788	33
chr2_KI270771v1_alt	110395	9861	19
chr2_KI270768v1_alt	110099	8875	23
chr2_GL582966v2_alt	96131	8341	23
chr2_GL383522v1_alt	123821	10594	14
chr2_KI270776v1_alt	174166	15918	67
chr2_KI270767v1_alt	161578	9408	21
chr3_JH636055v2_alt	173151	18573	29
chr3_KI270783v1_alt	109187	10842	23
chr3_KI270780v1_alt	224108	21606	51
chr3_GL383526v1_alt	180671	17378	59
chr3_KI270777v1_alt	173649	16521	61
chr3_KI270778v1_alt	248252	19394	66
chr3_KI270781v1_alt	113034	10048	21
chr3_KI270779v1_alt	205312	5178	11
chr3_KI270782v1_alt	162429	14811	41
chr3_KI270784v1_alt	184404	17370	39
chr4_KI270790v1_alt	220246	18560	52
chr4_GL383528v1_alt	376187	29358	79
chr4_KI270787v1_alt	111943	9831	19
chr4_GL000257v2_alt	586476	49537	126
chr4_KI270788v1_alt	158965	12799	29
chr4_GL383527v1_alt	164536	15437	26
chr4_KI270785v1_alt	119912	10196	71
chr4_KI270789v1_alt	205944	17177	34
chr4_KI270786v1_alt	244096	9937	21
chr5_KI270793v1_alt	126136	10495	16
chr5_KI270792v1_alt	179043	16785	42
chr5_KI270791v1_alt	195710	16858	42
chr5_GL383532v1_alt	82728	6668	9
chr5_GL949742v1_alt	226852	17296	75
chr5_KI270794v1_alt	164558	13942	24
chr5_GL339449v2_alt	1612928	129807	427
chr5_GL383530v1_alt	101241	10378	16
chr5_KI270796v1_alt	172708	13469	43
chr5_GL383531v1_alt	173459	15743	42
chr5_KI270795v1_alt	131892	10099	33
chr6_GL000250v2_alt	4672374	52962	253
chr6_KI270800v1_alt	175808	12700	28
chr6_KI270799v1_alt	152148	13170	67
chr6_GL383533v1_alt	124736	14053	26
chr6_KI270801v1_alt	870480	77054	289
chr6_KI270802v1_alt	75005	5612	14
chr6_KB021644v2_alt	185823	13831	73
chr6_KI270797v1_alt	197536	16044	35
chr6_KI270798v1_alt	271782	22777	54
chr7_KI270804v1_alt	157952	10632	24
chr7_KI270809v1_alt	209586	17462	54
chr7_KI270806v1_alt	158166	13063	29
chr7_GL383534v2_alt	119183	9667	25
chr7_KI270803v1_alt	1111570	94044	259
chr7_KI270808v1_alt	271455	25590	84
chr7_KI270807v1_alt	126434	10288	18
chr7_KI270805v1_alt	209988	20189	39
chr8_KI270818v1_alt	145606	13210	77
chr8_KI270812v1_alt	282736	24461	50
chr8_KI270811v1_alt	292436	19652	36
chr8_KI270821v1_alt	985506	80715	213
chr8_KI270813v1_alt	300230	38735	98
chr8_KI270822v1_alt	624492	52191	120
chr8_KI270814v1_alt	141812	14322	30
chr8_KI270810v1_alt	374415	34137	79
chr8_KI270819v1_alt	133535	12202	18
chr8_KI270820v1_alt	36640	3692	16
chr8_KI270817v1_alt	158983	12456	85
chr8_KI270816v1_alt	305841	25989	70
chr8_KI270815v1_alt	132244	11332	20
chr9_GL383539v1_alt	162988	12904	36
chr9_GL383540v1_alt	71551	5729	20
chr9_GL383541v1_alt	171286	19538	47
chr9_GL383542v1_alt	60032	4880	18
chr9_KI270823v1_alt	439082	36919	142
chr10_GL383545v1_alt	179254	15837	55
chr10_KI270824v1_alt	181496	20909	57
chr10_GL383546v1_alt	309802	27897	57
chr10_KI270825v1_alt	188315	14723	38
chr11_KI270832v1_alt	210133	19232	30
chr11_KI270830v1_alt	177092	10059	22
chr11_KI270831v1_alt	296895	23737	49
chr11_KI270829v1_alt	204059	15727	29
chr11_GL383547v1_alt	154407	13868	100
chr11_JH159136v1_alt	200998	18110	63
chr11_JH159137v1_alt	191409	18124	44
chr11_KI270827v1_alt	67707	6501	26
chr11_KI270826v1_alt	186169	16164	40
chr12_GL877875v1_alt	167313	11756	50
chr12_GL877876v1_alt	408271	25838	52
chr12_KI270837v1_alt	40090	2268	1
chr12_GL383549v1_alt	120804	10398	28
chr12_KI270835v1_alt	238139	21449	88
chr12_GL383550v2_alt	169178	16390	32
chr12_GL383552v1_alt	138655	12257	67
chr12_GL383553v2_alt	152874	12571	36
chr12_KI270834v1_alt	119498	10310	31
chr12_GL383551v1_alt	184319	15491	33
chr12_KI270833v1_alt	76061	6332	12
chr12_KI270836v1_alt	56134	3690	11
chr13_KI270840v1_alt	191684	16680	37
chr13_KI270839v1_alt	180306	16942	34
chr13_KI270843v1_alt	103832	8758	35
chr13_KI270841v1_alt	169134	14870	43
chr13_KI270838v1_alt	306913	26920	70
chr13_KI270842v1_alt	37287	2824	10
chr14_KI270844v1_alt	322166	27349	69
chr14_KI270847v1_alt	1511111	132806	314
chr14_KI270845v1_alt	180703	15818	54
chr14_KI270846v1_alt	1351393	117661	313
chr15_KI270852v1_alt	478999	46664	108
chr15_KI270851v1_alt	263054	30953	63
chr15_KI270848v1_alt	327382	21487	108
chr15_GL383554v1_alt	296527	23535	85
chr15_KI270849v1_alt	244917	19250	76
chr15_GL383555v2_alt	388773	35084	110
chr15_KI270850v1_alt	430880	41715	135
chr16_KI270854v1_alt	134193	11524	27
chr16_KI270856v1_alt	63982	6127	10
chr16_KI270855v1_alt	232857	19748	56
chr16_KI270853v1_alt	2659700	259953	972
chr16_GL383556v1_alt	192462	17617	31
chr16_GL383557v1_alt	89672	7931	14
chr17_GL383563v3_alt	375691	27418	74
chr17_KI270862v1_alt	391357	29274	78
chr17_KI270861v1_alt	196688	15639	95
chr17_KI270857v1_alt	2877074	226063	862
chr17_JH159146v1_alt	278131	27130	69
chr17_JH159147v1_alt	70345	6741	136
chr17_GL383564v2_alt	133151	10986	21
chr17_GL000258v2_alt	1821992	49734	367
chr17_GL383565v1_alt	223995	20877	61
chr17_KI270858v1_alt	235827	17455	67
chr17_KI270859v1_alt	108763	10050	52
chr17_GL383566v1_alt	90219	6883	18
chr17_KI270860v1_alt	178921	16017	35
chr18_KI270864v1_alt	111737	10518	30
chr18_GL383567v1_alt	289831	23925	71
chr18_GL383570v1_alt	164789	15650	26
chr18_GL383571v1_alt	198278	14149	49
chr18_GL383568v1_alt	104552	10825	25
chr18_GL383569v1_alt	167950	9392	31
chr18_GL383572v1_alt	159547	9000	17
chr18_KI270863v1_alt	167999	15695	21
chr19_KI270868v1_alt	61734	5254	61
chr19_KI270865v1_alt	52969	4262	5
chr19_GL383573v1_alt	385657	27152	217
chr19_GL383575v2_alt	170222	14071	36
chr19_GL383576v1_alt	188024	17241	40
chr19_GL383574v1_alt	155864	13851	54
chr19_KI270866v1_alt	43156	6578	23
chr19_KI270867v1_alt	233762	19189	53
chr19_GL949746v1_alt	987716	29035	129
chr20_GL383577v2_alt	128386	10580	34
chr20_KI270869v1_alt	118774	10984	24
chr20_KI270871v1_alt	58661	5712	12
chr20_KI270870v1_alt	183433	16484	41
chr21_GL383578v2_alt	63917	6113	6
chr21_KI270874v1_alt	166743	14822	26
chr21_KI270873v1_alt	143900	12979	29
chr21_GL383579v2_alt	201197	16611	42
chr21_GL383580v2_alt	74653	7245	212
chr21_GL383581v2_alt	116689	10758	29
chr21_KI270872v1_alt	82692	7466	19
chr22_KI270875v1_alt	259914	23786	102
chr22_KI270878v1_alt	186262	16557	35
chr22_KI270879v1_alt	304135	28089	80
chr22_KI270876v1_alt	263666	23498	68
chr22_KI270877v1_alt	101331	9517	29
chr22_GL383583v2_alt	96924	8305	16
chr22_GL383582v2_alt	162811	9724	30
chrX_KI270880v1_alt	284869	12272	87
chrX_KI270881v1_alt	144206	4729	35
chr19_KI270882v1_alt	248807	2433	5
chr19_KI270883v1_alt	170399	1019	3
chr19_KI270884v1_alt	157053	506	0
chr19_KI270885v1_alt	171027	704	3
chr19_KI270886v1_alt	204239	772	4
chr19_KI270887v1_alt	209512	2826	6
chr19_KI270888v1_alt	155532	486	0
chr19_KI270889v1_alt	170698	910	3
chr19_KI270890v1_alt	184499	1831	3
chr19_KI270891v1_alt	170680	1009	0
chr1_KI270892v1_alt	162212	11313	24
chr2_KI270894v1_alt	214158	61681	113
chr2_KI270893v1_alt	161218	9136	25
chr3_KI270895v1_alt	162896	3371	14
chr4_KI270896v1_alt	378547	27912	53
chr5_KI270897v1_alt	1144418	83121	291
chr5_KI270898v1_alt	130957	6711	20
chr6_GL000251v2_alt	4795265	131790	739
chr7_KI270899v1_alt	190869	13969	29
chr8_KI270901v1_alt	136959	12847	21
chr8_KI270900v1_alt	318687	17153	57
chr11_KI270902v1_alt	106711	6837	3
chr11_KI270903v1_alt	214625	14985	41
chr12_KI270904v1_alt	572349	32957	73
chr15_KI270906v1_alt	196384	14500	37
chr15_KI270905v1_alt	5161414	442715	1372
chr17_KI270907v1_alt	137721	7995	15
chr17_KI270910v1_alt	157099	8416	30
chr17_KI270909v1_alt	325800	12683	69
chr17_JH159148v1_alt	88070	4736	8
chr17_KI270908v1_alt	1423190	121260	403
chr18_KI270912v1_alt	174061	10109	41
chr18_KI270911v1_alt	157710	10085	14
chr19_GL949747v2_alt	729520	13875	94
chr22_KB663609v1_alt	74013	4060	8
chrX_KI270913v1_alt	274009	12001	89
chr19_KI270914v1_alt	205194	909	0
chr19_KI270915v1_alt	170665	868	2
chr19_KI270916v1_alt	184516	1718	3
chr19_KI270917v1_alt	190932	1305	4
chr19_KI270918v1_alt	123111	775	2
chr19_KI270919v1_alt	170701	906	2
chr19_KI270920v1_alt	198005	1211	0
chr19_KI270921v1_alt	282224	2887	4
chr19_KI270922v1_alt	187935	1179	3
chr19_KI270923v1_alt	189352	818	4
chr3_KI270924v1_alt	166540	4032	13
chr4_KI270925v1_alt	555799	35202	106
chr6_GL000252v2_alt	4604811	138510	570
chr8_KI270926v1_alt	229282	18225	74
chr11_KI270927v1_alt	218612	16654	38
chr19_GL949748v2_alt	1064304	5872	35
chr22_KI270928v1_alt	176103	8476	17
chr19_KI270929v1_alt	186203	1019	2
chr19_KI270930v1_alt	200773	818	4
chr19_KI270931v1_alt	170148	813	2
chr19_KI270932v1_alt	215732	1010	1
chr19_KI270933v1_alt	170537	803	4
chr19_GL000209v2_alt	177381	1944	5
chr3_KI270934v1_alt	163458	3103	14
chr6_GL000253v2_alt	4677643	96129	547
chr19_GL949749v2_alt	1091841	6160	31
chr3_KI270935v1_alt	197351	5763	44
chr6_GL000254v2_alt	4827813	93334	721
chr19_GL949750v2_alt	1066390	6052	35
chr3_KI270936v1_alt	164170	3143	9
chr6_GL000255v2_alt	4606388	110188	545
chr19_GL949751v2_alt	1002683	6551	31
chr3_KI270937v1_alt	165607	4734	24
chr6_GL000256v2_alt	4929269	104977	625
chr19_GL949752v1_alt	987100	22984	114
chr6_KI270758v1_alt	76752	970	8
chr19_GL949753v2_alt	796479	13636	63
chr19_KI270938v1_alt	1066800	25265	116
chrM	16569	2791426	4606
chrUn_KI270302v1	2274	298	0
chrUn_KI270304v1	2165	180	0
chrUn_KI270303v1	1942	399	1
chrUn_KI270305v1	1472	390	1
chrUn_KI270322v1	21476	3079	3
chrUn_KI270320v1	4416	5372	6
chrUn_KI270310v1	1201	1814	3
chrUn_KI270316v1	1444	120	0
chrUn_KI270315v1	2276	656	0
chrUn_KI270312v1	998	219	1
chrUn_KI270311v1	12399	880	6
chrUn_KI270317v1	37690	501	0
chrUn_KI270412v1	1179	284	0
chrUn_KI270411v1	2646	710	1
chrUn_KI270414v1	2489	588	0
chrUn_KI270419v1	1029	256	0
chrUn_KI270418v1	2145	668	0
chrUn_KI270420v1	2321	989	0
chrUn_KI270424v1	2140	165	0
chrUn_KI270417v1	2043	449	0
chrUn_KI270422v1	1445	880	1
chrUn_KI270423v1	981	441	0
chrUn_KI270425v1	1884	147	0
chrUn_KI270429v1	1361	867	3
chrUn_KI270442v1	392061	253120	673
chrUn_KI270466v1	1233	53980	57
chrUn_KI270465v1	1774	1452	0
chrUn_KI270467v1	3920	158632	193
chrUn_KI270435v1	92983	37373	121
chrUn_KI270438v1	112505	725466	1102
chrUn_KI270468v1	4055	1481	5
chrUn_KI270510v1	2415	1749	3
chrUn_KI270509v1	2318	1736	2
chrUn_KI270518v1	2186	1556	0
chrUn_KI270508v1	1951	1781	1
chrUn_KI270516v1	1300	1173	2
chrUn_KI270512v1	22689	9373	18
chrUn_KI270519v1	138126	62165	119
chrUn_KI270522v1	5674	1109	2
chrUn_KI270511v1	8127	2711	0
chrUn_KI270515v1	6361	4970	0
chrUn_KI270507v1	5353	3534	3
chrUn_KI270517v1	3253	2795	2
chrUn_KI270529v1	1899	393	0
chrUn_KI270528v1	2983	327	0
chrUn_KI270530v1	2168	337	0
chrUn_KI270539v1	993	45	0
chrUn_KI270538v1	91309	44024	68
chrUn_KI270544v1	1202	1237	2
chrUn_KI270548v1	1599	92	1
chrUn_KI270583v1	1400	782	0
chrUn_KI270587v1	2969	2804	1
chrUn_KI270580v1	1553	918	0
chrUn_KI270581v1	7046	1645	1
chrUn_KI270579v1	31033	5602	2
chrUn_KI270589v1	44474	18375	78
chrUn_KI270590v1	4685	5414	2
chrUn_KI270584v1	4513	2461	7
chrUn_KI270582v1	6504	1649	1
chrUn_KI270588v1	6158	3407	5
chrUn_KI270593v1	3041	1478	2
chrUn_KI270591v1	5796	6160	15
chrUn_KI270330v1	1652	4237	10
chrUn_KI270329v1	1040	384	0
chrUn_KI270334v1	1368	118	0
chrUn_KI270333v1	2699	30183	52
chrUn_KI270335v1	1048	94	0
chrUn_KI270338v1	1428	47	0
chrUn_KI270340v1	1428	132	2
chrUn_KI270336v1	1026	7689	20
chrUn_KI270337v1	1121	58835	68
chrUn_KI270363v1	1803	267	1
chrUn_KI270364v1	2855	459	3
chrUn_KI270362v1	3530	679	0
chrUn_KI270366v1	8320	1782	3
chrUn_KI270378v1	1048	123	0
chrUn_KI270379v1	1045	56	0
chrUn_KI270389v1	1298	182	0
chrUn_KI270390v1	2387	218	0
chrUn_KI270387v1	1537	191	0
chrUn_KI270395v1	1143	771	0
chrUn_KI270396v1	1880	1253	2
chrUn_KI270388v1	1216	131	3
chrUn_KI270394v1	970	99	0
chrUn_KI270386v1	1788	115	2
chrUn_KI270391v1	1484	126	0
chrUn_KI270383v1	1750	200	0
chrUn_KI270393v1	1308	110	1
chrUn_KI270384v1	1658	736	0
chrUn_KI270392v1	971	110	0
chrUn_KI270381v1	1930	388	0
chrUn_KI270385v1	990	52	0
chrUn_KI270382v1	4215	709	1
chrUn_KI270376v1	1136	80	3
chrUn_KI270374v1	2656	155	0
chrUn_KI270372v1	1650	135	0
chrUn_KI270373v1	1451	113	0
chrUn_KI270375v1	2378	185	2
chrUn_KI270371v1	2805	149	0
chrUn_KI270448v1	7992	2906	4
chrUn_KI270521v1	7642	1713	2
chrUn_GL000195v1	182896	47975	102
chrUn_GL000219v1	179198	87504	177
chrUn_GL000220v1	161802	420860	1887
chrUn_GL000224v1	179693	175057	275
chrUn_KI270741v1	157432	37373	56
chrUn_GL000226v1	15008	91634	13
chrUn_GL000213v1	164239	7980	21
chrUn_KI270743v1	210658	58216	100
chrUn_KI270744v1	168472	167991	278
chrUn_KI270745v1	41891	6567	13
chrUn_KI270746v1	66486	20351	36
chrUn_KI270747v1	198735	24666	32
chrUn_KI270748v1	93321	10343	19
chrUn_KI270749v1	158759	43419	74
chrUn_KI270750v1	148850	39404	67
chrUn_KI270751v1	150742	89993	148
chrUn_KI270752v1	27745	722	315
chrUn_KI270753v1	62944	12340	25
chrUn_KI270754v1	40191	22948	23
chrUn_KI270755v1	36723	2891	3
chrUn_KI270756v1	79590	27382	87
chrUn_KI270757v1	71251	41852	88
chrUn_GL000214v1	137718	154852	295
chrUn_KI270742v1	186739	92123	117
chrUn_GL000216v2	176608	372784	695
chrUn_GL000218v1	161147	68429	98
chrX	156040895	13540227	57915
chrY	57227415	4311748	14432
chrY_KI270740v1_random	37240	2867	4
*	0	0	115422130
