chr1	248956422	55578631	22603
chr10	133797422	31409241	13486
chr11	135086622	30716716	13015
chr11_KI270721v1_random	100316	12147	4
chr12	133275309	30053473	12358
chr13	114364328	22176114	9139
chr14	107043718	20466773	8658
chr14_GL000009v2_random	201709	102528	41
chr14_GL000225v1_random	211173	638488	431
chr14_KI270722v1_random	194050	64650	29
chr14_GL000194v1_random	191469	91877	21
chr14_KI270723v1_random	38115	25496	18
chr14_KI270724v1_random	39555	24006	16
chr14_KI270725v1_random	172810	40040	15
chr14_KI270726v1_random	43739	3751	6
chr15	101991189	18710702	7822
chr15_KI270727v1_random	448248	52437	23
chr16	90338345	20288492	8554
chr16_KI270728v1_random	1872759	127072	71
chr17	83257441	18663266	8315
chr17_GL000205v2_random	185591	118382	57
chr17_KI270729v1_random	280839	467921	273
chr17_KI270730v1_random	112551	90013	376
chr18	80373285	17864085	7439
chr19	58617616	13570459	6221
chr1_KI270706v1_random	175055	62127	28
chr1_KI270707v1_random	32032	9369	4
chr1_KI270708v1_random	127682	33136	16
chr1_KI270709v1_random	66860	587072	170
chr1_KI270710v1_random	40176	14368	4
chr1_KI270711v1_random	42210	35090	11
chr1_KI270712v1_random	176043	39147	43
chr1_KI270713v1_random	40745	26795	9
chr1_KI270714v1_random	41717	9768	5
chr2	242193529	55659323	26048
chr20	64444167	15663089	7160
chr21	46709983	10815350	5170
chr22	50818468	9441948	4323
chr22_KI270731v1_random	150754	27863	39
chr22_KI270732v1_random	41543	21367	8
chr22_KI270733v1_random	179772	712912	349
chr22_KI270734v1_random	165050	78870	66
chr22_KI270735v1_random	42811	83846	145
chr22_KI270736v1_random	181920	224664	1072
chr22_KI270737v1_random	103838	44339	39
chr22_KI270738v1_random	99375	23820	3
chr22_KI270739v1_random	73985	8446	3
chr2_KI270715v1_random	161471	30008	9
chr2_KI270716v1_random	153799	28874	11
chr3	198295559	46916502	19008
chr3_GL000221v1_random	155397	70910	25
chr4	190214555	44403805	17928
chr4_GL000008v2_random	209709	103785	78
chr5	181538259	41896740	17228
chr5_GL000208v1_random	92689	34280	6
chr6	170805979	37669438	15370
chr7	159345973	36143851	15012
chr8	145138636	32758047	13518
chr9	138394717	27885991	11633
chr9_KI270717v1_random	40062	6130	3
chr9_KI270718v1_random	38054	12279	12
chr9_KI270719v1_random	176845	53526	16
chr9_KI270720v1_random	39050	15656	12
chr1_KI270762v1_alt	354444	55431	28
chr1_KI270766v1_alt	256271	28886	10
chr1_KI270760v1_alt	109528	12911	13
chr1_KI270765v1_alt	185285	31322	16
chr1_GL383518v1_alt	182439	21313	10
chr1_GL383519v1_alt	110268	10830	3
chr1_GL383520v2_alt	366580	40277	15
chr1_KI270764v1_alt	50258	5697	2
chr1_KI270763v1_alt	911658	104578	37
chr1_KI270759v1_alt	425601	51068	18
chr1_KI270761v1_alt	165834	14765	8
chr2_KI270770v1_alt	136240	16143	10
chr2_KI270773v1_alt	70887	8636	5
chr2_KI270774v1_alt	223625	22093	15
chr2_KI270769v1_alt	120616	13647	2
chr2_GL383521v1_alt	143390	17067	8
chr2_KI270772v1_alt	133041	63753	21
chr2_KI270775v1_alt	138019	15317	5
chr2_KI270771v1_alt	110395	12040	6
chr2_KI270768v1_alt	110099	11596	6
chr2_GL582966v2_alt	96131	11140	6
chr2_GL383522v1_alt	123821	13770	1
chr2_KI270776v1_alt	174166	21684	15
chr2_KI270767v1_alt	161578	12342	4
chr3_JH636055v2_alt	173151	24281	8
chr3_KI270783v1_alt	109187	14030	6
chr3_KI270780v1_alt	224108	28795	6
chr3_GL383526v1_alt	180671	22021	8
chr3_KI270777v1_alt	173649	21079	6
chr3_KI270778v1_alt	248252	25118	12
chr3_KI270781v1_alt	113034	13848	8
chr3_KI270779v1_alt	205312	6609	7
chr3_KI270782v1_alt	162429	19721	6
chr3_KI270784v1_alt	184404	23008	8
chr4_KI270790v1_alt	220246	23455	10
chr4_GL383528v1_alt	376187	37229	16
chr4_KI270787v1_alt	111943	12165	3
chr4_GL000257v2_alt	586476	64367	29
chr4_KI270788v1_alt	158965	16269	11
chr4_GL383527v1_alt	164536	20091	11
chr4_KI270785v1_alt	119912	13083	2
chr4_KI270789v1_alt	205944	22820	6
chr4_KI270786v1_alt	244096	13410	4
chr5_KI270793v1_alt	126136	14616	11
chr5_KI270792v1_alt	179043	22563	16
chr5_KI270791v1_alt	195710	23460	11
chr5_GL383532v1_alt	82728	8308	2
chr5_GL949742v1_alt	226852	21849	7
chr5_KI270794v1_alt	164558	18399	9
chr5_GL339449v2_alt	1612928	170532	66
chr5_GL383530v1_alt	101241	13758	2
chr5_KI270796v1_alt	172708	17499	6
chr5_GL383531v1_alt	173459	20339	9
chr5_KI270795v1_alt	131892	13221	4
chr6_GL000250v2_alt	4672374	69674	34
chr6_KI270800v1_alt	175808	16576	4
chr6_KI270799v1_alt	152148	16563	3
chr6_GL383533v1_alt	124736	17837	7
chr6_KI270801v1_alt	870480	97117	35
chr6_KI270802v1_alt	75005	7399	2
chr6_KB021644v2_alt	185823	18752	9
chr6_KI270797v1_alt	197536	21794	15
chr6_KI270798v1_alt	271782	31858	15
chr7_KI270804v1_alt	157952	14219	7
chr7_KI270809v1_alt	209586	23276	9
chr7_KI270806v1_alt	158166	16699	4
chr7_GL383534v2_alt	119183	12795	3
chr7_KI270803v1_alt	1111570	122607	53
chr7_KI270808v1_alt	271455	33856	17
chr7_KI270807v1_alt	126434	13593	6
chr7_KI270805v1_alt	209988	27334	11
chr8_KI270818v1_alt	145606	17653	7
chr8_KI270812v1_alt	282736	33096	13
chr8_KI270811v1_alt	292436	26615	11
chr8_KI270821v1_alt	985506	108953	60
chr8_KI270813v1_alt	300230	51065	25
chr8_KI270822v1_alt	624492	68098	22
chr8_KI270814v1_alt	141812	18924	7
chr8_KI270810v1_alt	374415	44516	21
chr8_KI270819v1_alt	133535	16835	6
chr8_KI270820v1_alt	36640	4938	3
chr8_KI270817v1_alt	158983	16973	13
chr8_KI270816v1_alt	305841	36859	15
chr8_KI270815v1_alt	132244	15802	7
chr9_GL383539v1_alt	162988	16893	11
chr9_GL383540v1_alt	71551	7605	5
chr9_GL383541v1_alt	171286	25001	18
chr9_GL383542v1_alt	60032	6615	3
chr9_KI270823v1_alt	439082	47519	15
chr10_GL383545v1_alt	179254	20650	7
chr10_KI270824v1_alt	181496	27798	19
chr10_GL383546v1_alt	309802	36759	11
chr10_KI270825v1_alt	188315	20163	2
chr11_KI270832v1_alt	210133	27021	15
chr11_KI270830v1_alt	177092	14126	10
chr11_KI270831v1_alt	296895	32591	18
chr11_KI270829v1_alt	204059	20778	4
chr11_GL383547v1_alt	154407	17480	27
chr11_JH159136v1_alt	200998	23335	6
chr11_JH159137v1_alt	191409	22962	7
chr11_KI270827v1_alt	67707	8668	7
chr11_KI270826v1_alt	186169	21299	6
chr12_GL877875v1_alt	167313	16532	6
chr12_GL877876v1_alt	408271	33040	19
chr12_KI270837v1_alt	40090	2787	0
chr12_GL383549v1_alt	120804	13178	5
chr12_KI270835v1_alt	238139	28126	12
chr12_GL383550v2_alt	169178	21054	13
chr12_GL383552v1_alt	138655	15664	5
chr12_GL383553v2_alt	152874	16752	8
chr12_KI270834v1_alt	119498	13882	6
chr12_GL383551v1_alt	184319	20092	10
chr12_KI270833v1_alt	76061	8724	4
chr12_KI270836v1_alt	56134	4949	6
chr13_KI270840v1_alt	191684	21559	9
chr13_KI270839v1_alt	180306	22233	5
chr13_KI270843v1_alt	103832	11452	7
chr13_KI270841v1_alt	169134	18666	8
chr13_KI270838v1_alt	306913	36177	18
chr13_KI270842v1_alt	37287	3838	3
chr14_KI270844v1_alt	322166	35038	12
chr14_KI270847v1_alt	1511111	174578	79
chr14_KI270845v1_alt	180703	21216	7
chr14_KI270846v1_alt	1351393	157438	104
chr15_KI270852v1_alt	478999	62158	33
chr15_KI270851v1_alt	263054	41985	16
chr15_KI270848v1_alt	327382	28662	14
chr15_GL383554v1_alt	296527	31837	9
chr15_KI270849v1_alt	244917	25451	10
chr15_GL383555v2_alt	388773	47533	29
chr15_KI270850v1_alt	430880	55451	22
chr16_KI270854v1_alt	134193	15856	8
chr16_KI270856v1_alt	63982	8698	2
chr16_KI270855v1_alt	232857	27538	10
chr16_KI270853v1_alt	2659700	350153	165
chr16_GL383556v1_alt	192462	23199	17
chr16_GL383557v1_alt	89672	10586	4
chr17_GL383563v3_alt	375691	38289	10
chr17_KI270862v1_alt	391357	40840	20
chr17_KI270861v1_alt	196688	21884	11
chr17_KI270857v1_alt	2877074	302218	116
chr17_JH159146v1_alt	278131	34758	12
chr17_JH159147v1_alt	70345	8276	0
chr17_GL383564v2_alt	133151	14557	10
chr17_GL000258v2_alt	1821992	65912	46
chr17_GL383565v1_alt	223995	26419	13
chr17_KI270858v1_alt	235827	21619	12
chr17_KI270859v1_alt	108763	13805	11
chr17_GL383566v1_alt	90219	9766	2
chr17_KI270860v1_alt	178921	21131	9
chr18_KI270864v1_alt	111737	13565	5
chr18_GL383567v1_alt	289831	31093	20
chr18_GL383570v1_alt	164789	19801	12
chr18_GL383571v1_alt	198278	18479	9
chr18_GL383568v1_alt	104552	14314	1
chr18_GL383569v1_alt	167950	12477	11
chr18_GL383572v1_alt	159547	12397	8
chr18_KI270863v1_alt	167999	21349	12
chr19_KI270868v1_alt	61734	7108	10
chr19_KI270865v1_alt	52969	6320	3
chr19_GL383573v1_alt	385657	36267	16
chr19_GL383575v2_alt	170222	18494	6
chr19_GL383576v1_alt	188024	22103	5
chr19_GL383574v1_alt	155864	18775	5
chr19_KI270866v1_alt	43156	9029	4
chr19_KI270867v1_alt	233762	25298	11
chr19_GL949746v1_alt	987716	39736	21
chr20_GL383577v2_alt	128386	14194	7
chr20_KI270869v1_alt	118774	14813	12
chr20_KI270871v1_alt	58661	7883	4
chr20_KI270870v1_alt	183433	21640	21
chr21_GL383578v2_alt	63917	8361	2
chr21_KI270874v1_alt	166743	19130	4
chr21_KI270873v1_alt	143900	17088	5
chr21_GL383579v2_alt	201197	21199	16
chr21_GL383580v2_alt	74653	9207	4
chr21_GL383581v2_alt	116689	14652	4
chr21_KI270872v1_alt	82692	10432	7
chr22_KI270875v1_alt	259914	30585	11
chr22_KI270878v1_alt	186262	21894	9
chr22_KI270879v1_alt	304135	38407	18
chr22_KI270876v1_alt	263666	31014	14
chr22_KI270877v1_alt	101331	12407	1
chr22_GL383583v2_alt	96924	11414	9
chr22_GL383582v2_alt	162811	13081	1
chrX_KI270880v1_alt	284869	16585	19
chrX_KI270881v1_alt	144206	6253	3
chr19_KI270882v1_alt	248807	3212	0
chr19_KI270883v1_alt	170399	1273	0
chr19_KI270884v1_alt	157053	647	0
chr19_KI270885v1_alt	171027	1060	2
chr19_KI270886v1_alt	204239	952	0
chr19_KI270887v1_alt	209512	3626	1
chr19_KI270888v1_alt	155532	735	0
chr19_KI270889v1_alt	170698	1132	0
chr19_KI270890v1_alt	184499	2607	1
chr19_KI270891v1_alt	170680	1185	1
chr1_KI270892v1_alt	162212	14144	7
chr2_KI270894v1_alt	214158	76243	35
chr2_KI270893v1_alt	161218	12148	1
chr3_KI270895v1_alt	162896	4606	3
chr4_KI270896v1_alt	378547	36101	10
chr5_KI270897v1_alt	1144418	108612	48
chr5_KI270898v1_alt	130957	9289	2
chr6_GL000251v2_alt	4795265	175316	67
chr7_KI270899v1_alt	190869	18074	9
chr8_KI270901v1_alt	136959	17360	6
chr8_KI270900v1_alt	318687	23547	8
chr11_KI270902v1_alt	106711	9450	7
chr11_KI270903v1_alt	214625	20896	9
chr12_KI270904v1_alt	572349	43176	29
chr15_KI270906v1_alt	196384	19162	18
chr15_KI270905v1_alt	5161414	586332	221
chr17_KI270907v1_alt	137721	11545	6
chr17_KI270910v1_alt	157099	11568	6
chr17_KI270909v1_alt	325800	16678	4
chr17_JH159148v1_alt	88070	6039	0
chr17_KI270908v1_alt	1423190	163767	57
chr18_KI270912v1_alt	174061	13654	8
chr18_KI270911v1_alt	157710	13821	4
chr19_GL949747v2_alt	729520	19187	6
chr22_KB663609v1_alt	74013	5572	1
chrX_KI270913v1_alt	274009	16456	18
chr19_KI270914v1_alt	205194	1061	0
chr19_KI270915v1_alt	170665	1110	0
chr19_KI270916v1_alt	184516	2349	1
chr19_KI270917v1_alt	190932	1748	0
chr19_KI270918v1_alt	123111	1084	0
chr19_KI270919v1_alt	170701	1318	0
chr19_KI270920v1_alt	198005	1585	0
chr19_KI270921v1_alt	282224	3855	1
chr19_KI270922v1_alt	187935	1616	0
chr19_KI270923v1_alt	189352	1234	0
chr3_KI270924v1_alt	166540	5237	9
chr4_KI270925v1_alt	555799	46552	23
chr6_GL000252v2_alt	4604811	184870	76
chr8_KI270926v1_alt	229282	24803	12
chr11_KI270927v1_alt	218612	22574	9
chr19_GL949748v2_alt	1064304	7791	7
chr22_KI270928v1_alt	176103	12124	7
chr19_KI270929v1_alt	186203	1420	1
chr19_KI270930v1_alt	200773	1098	0
chr19_KI270931v1_alt	170148	1137	0
chr19_KI270932v1_alt	215732	1270	0
chr19_KI270933v1_alt	170537	1058	1
chr19_GL000209v2_alt	177381	2503	1
chr3_KI270934v1_alt	163458	4061	2
chr6_GL000253v2_alt	4677643	128954	61
chr19_GL949749v2_alt	1091841	8519	2
chr3_KI270935v1_alt	197351	7817	5
chr6_GL000254v2_alt	4827813	124583	58
chr19_GL949750v2_alt	1066390	7988	3
chr3_KI270936v1_alt	164170	4227	2
chr6_GL000255v2_alt	4606388	147870	67
chr19_GL949751v2_alt	1002683	8740	10
chr3_KI270937v1_alt	165607	6369	4
chr6_GL000256v2_alt	4929269	139276	60
chr19_GL949752v1_alt	987100	31808	14
chr6_KI270758v1_alt	76752	1252	0
chr19_GL949753v2_alt	796479	18643	7
chr19_KI270938v1_alt	1066800	34186	23
chrM	16569	3642275	1328
chrUn_KI270302v1	2274	342	0
chrUn_KI270304v1	2165	150	0
chrUn_KI270303v1	1942	407	1
chrUn_KI270305v1	1472	562	0
chrUn_KI270322v1	21476	3619	2
chrUn_KI270320v1	4416	6271	2
chrUn_KI270310v1	1201	1646	1
chrUn_KI270316v1	1444	138	0
chrUn_KI270315v1	2276	855	0
chrUn_KI270312v1	998	253	0
chrUn_KI270311v1	12399	786	2
chrUn_KI270317v1	37690	556	1
chrUn_KI270412v1	1179	325	0
chrUn_KI270411v1	2646	755	0
chrUn_KI270414v1	2489	628	1
chrUn_KI270419v1	1029	274	0
chrUn_KI270418v1	2145	598	0
chrUn_KI270420v1	2321	1123	0
chrUn_KI270424v1	2140	206	0
chrUn_KI270417v1	2043	466	0
chrUn_KI270422v1	1445	1034	1
chrUn_KI270423v1	981	372	0
chrUn_KI270425v1	1884	193	0
chrUn_KI270429v1	1361	902	0
chrUn_KI270442v1	392061	316174	442
chrUn_KI270466v1	1233	37625	16
chrUn_KI270465v1	1774	1762	1
chrUn_KI270467v1	3920	104858	47
chrUn_KI270435v1	92983	46721	83
chrUn_KI270438v1	112505	903705	367
chrUn_KI270468v1	4055	1648	2
chrUn_KI270510v1	2415	2139	3
chrUn_KI270509v1	2318	2050	1
chrUn_KI270518v1	2186	1963	0
chrUn_KI270508v1	1951	2193	1
chrUn_KI270516v1	1300	1186	0
chrUn_KI270512v1	22689	11433	21
chrUn_KI270519v1	138126	72699	58
chrUn_KI270522v1	5674	1242	1
chrUn_KI270511v1	8127	2925	3
chrUn_KI270515v1	6361	5567	1
chrUn_KI270507v1	5353	4262	1
chrUn_KI270517v1	3253	2913	1
chrUn_KI270529v1	1899	520	0
chrUn_KI270528v1	2983	427	0
chrUn_KI270530v1	2168	377	0
chrUn_KI270539v1	993	84	0
chrUn_KI270538v1	91309	50876	14
chrUn_KI270544v1	1202	1252	0
chrUn_KI270548v1	1599	79	0
chrUn_KI270583v1	1400	887	0
chrUn_KI270587v1	2969	2838	0
chrUn_KI270580v1	1553	1161	0
chrUn_KI270581v1	7046	2070	0
chrUn_KI270579v1	31033	6637	2
chrUn_KI270589v1	44474	23247	64
chrUn_KI270590v1	4685	6749	0
chrUn_KI270584v1	4513	3053	1
chrUn_KI270582v1	6504	2127	0
chrUn_KI270588v1	6158	4047	3
chrUn_KI270593v1	3041	1608	0
chrUn_KI270591v1	5796	7536	12
chrUn_KI270330v1	1652	5563	1
chrUn_KI270329v1	1040	490	0
chrUn_KI270334v1	1368	163	0
chrUn_KI270333v1	2699	20735	8
chrUn_KI270335v1	1048	132	0
chrUn_KI270338v1	1428	81	0
chrUn_KI270340v1	1428	195	0
chrUn_KI270336v1	1026	5232	3
chrUn_KI270337v1	1121	43716	19
chrUn_KI270363v1	1803	420	0
chrUn_KI270364v1	2855	547	0
chrUn_KI270362v1	3530	850	0
chrUn_KI270366v1	8320	1885	1
chrUn_KI270378v1	1048	133	0
chrUn_KI270379v1	1045	96	0
chrUn_KI270389v1	1298	158	0
chrUn_KI270390v1	2387	234	0
chrUn_KI270387v1	1537	261	0
chrUn_KI270395v1	1143	744	1
chrUn_KI270396v1	1880	1446	0
chrUn_KI270388v1	1216	126	0
chrUn_KI270394v1	970	147	0
chrUn_KI270386v1	1788	121	0
chrUn_KI270391v1	1484	130	0
chrUn_KI270383v1	1750	256	0
chrUn_KI270393v1	1308	152	0
chrUn_KI270384v1	1658	896	0
chrUn_KI270392v1	971	128	0
chrUn_KI270381v1	1930	363	0
chrUn_KI270385v1	990	73	0
chrUn_KI270382v1	4215	693	0
chrUn_KI270376v1	1136	55	0
chrUn_KI270374v1	2656	167	0
chrUn_KI270372v1	1650	131	0
chrUn_KI270373v1	1451	107	0
chrUn_KI270375v1	2378	250	0
chrUn_KI270371v1	2805	223	0
chrUn_KI270448v1	7992	3679	4
chrUn_KI270521v1	7642	2124	1
chrUn_GL000195v1	182896	62180	19
chrUn_GL000219v1	179198	113659	68
chrUn_GL000220v1	161802	582553	300
chrUn_GL000224v1	179693	230190	75
chrUn_KI270741v1	157432	49282	25
chrUn_GL000226v1	15008	104542	4
chrUn_GL000213v1	164239	10354	10
chrUn_KI270743v1	210658	77949	33
chrUn_KI270744v1	168472	225116	90
chrUn_KI270745v1	41891	8886	1
chrUn_KI270746v1	66486	26058	11
chrUn_KI270747v1	198735	27515	8
chrUn_KI270748v1	93321	14377	8
chrUn_KI270749v1	158759	55923	17
chrUn_KI270750v1	148850	51859	16
chrUn_KI270751v1	150742	115990	45
chrUn_KI270752v1	27745	148	58
chrUn_KI270753v1	62944	16050	7
chrUn_KI270754v1	40191	30981	15
chrUn_KI270755v1	36723	3726	1
chrUn_KI270756v1	79590	34058	67
chrUn_KI270757v1	71251	50557	56
chrUn_GL000214v1	137718	208667	86
chrUn_KI270742v1	186739	119808	38
chrUn_GL000216v2	176608	475155	385
chrUn_GL000218v1	161147	90337	28
chrX	156040895	17528711	7938
chrY	57227415	5564423	4491
chrY_KI270740v1_random	37240	3393	5
*	0	0	884552
